1073005187 757040400 2 1 2004 1 0 0 1073012387 757047600 2 1 2004 3 0 0
1074283187 758318400 16 1 2004 20 0 0 1074286787 758322000 16 1 2004 21 0 0
1074506387 758541600 19 1 2004 10 0 0 1074509987 758545200 19 1 2004 11 0 0
1075039539 759074752 25 1 2004 14 5 52 1075075914 759111127 26 1 2004 0 12 7
1075100660 759135873 26 1 2004 7 4 33 1075131505 759166718 26 1 2004 15 38 38
1075172017 759207230 27 1 2004 2 53 50 1075210988 759246201 27 1 2004 13 43 21
1075320203 759355416 28 1 2004 20 3 36 1075333447 759368660 28 1 2004 23 44 20
1075438525 759473738 30 1 2004 4 55 38 1075445047 759480260 30 1 2004 6 44 20
1075769987 759805200 3 2 2004 1 0 0 1075773587 759808800 3 2 2004 2 0 0
1076178656 760213869 7 2 2004 18 31 9 1076191683 760226896 7 2 2004 22 8 16
1076453050 760488263 10 2 2004 22 44 23 1076514801 760550014 11 2 2004 15 53 34
1076525707 760560920 11 2 2004 18 55 20 1076535355 760570568 11 2 2004 21 36 8
1076657316 760692529 13 2 2004 7 28 49 1076673389 760708602 13 2 2004 11 56 42
1076806787 760842000 15 2 2004 1 0 0 1076810387 760845600 15 2 2004 2 0 0
1077936538 761971751 28 2 2004 2 49 11 1077945281 761980494 28 2 2004 5 14 54
1078527610 762562823 5 3 2004 23 0 23 1078769825 762805038 8 3 2004 18 17 18
1078997137 763032350 11 3 2004 9 25 50 1079044379 763079592 11 3 2004 22 33 12
1079379772 763414985 15 3 2004 19 43 5 1079397677 763432890 16 3 2004 0 41 30
1079826813 763862026 20 3 2004 23 53 46 1079840302 763875515 21 3 2004 3 38 35
1079983356 764018569 22 3 2004 19 22 49 1080005025 764040238 23 3 2004 1 23 58
1080244787 764280000 25 3 2004 20 0 0 1080248387 764283600 25 3 2004 21 0 0
1080348434 764383647 27 3 2004 0 47 27 1080360761 764395974 27 3 2004 4 12 54
1080499642 764534855 28 3 2004 18 47 35 1080504548 764539761 28 3 2004 20 9 21
1080550585 764585798 29 3 2004 8 56 38 1080555210 764590423 29 3 2004 10 13 43
1080613117 764648330 30 3 2004 2 18 50 1080654090 764689303 30 3 2004 13 41 43
1080700628 764735841 31 3 2004 2 37 21 1080706074 764741287 31 3 2004 4 8 7
1080830746 764865959 1 4 2004 14 45 59 1080844369 764879582 1 4 2004 18 33 2
1081451729 765486942 8 4 2004 19 15 42 1081459988 765495201 8 4 2004 21 33 21
1081677476 765712689 11 4 2004 9 58 9 1081684702 765719915 11 4 2004 11 58 35
1081728687 765763900 12 4 2004 0 11 40 1081735006 765770219 12 4 2004 1 56 59
1081822407 765857620 13 4 2004 2 13 40 1081881513 765916726 13 4 2004 18 38 46
1082004784 766039997 15 4 2004 4 53 17 1082009847 766045060 15 4 2004 6 17 40
1083649074 767684287 4 5 2004 5 38 7 1083653776 767688989 4 5 2004 6 56 29
1083766834 767802047 5 5 2004 14 20 47 1083772514 767807727 5 5 2004 15 55 27
1083908928 767944141 7 5 2004 5 49 1 1083913742 767948955 7 5 2004 7 9 15
1084003097 768038310 8 5 2004 7 58 30 1084020150 768055363 8 5 2004 12 42 43
1084285247 768320460 11 5 2004 14 21 0 1084290573 768325786 11 5 2004 15 49 46
1084375001 768410214 12 5 2004 15 16 54 1084392307 768427520 12 5 2004 20 5 20
1084981662 769016875 19 5 2004 15 47 55 1084986183 769021396 19 5 2004 17 3 16
1085108005 769143218 21 5 2004 2 53 38 1085155280 769190493 21 5 2004 16 1 33
1086257042 770292255 3 6 2004 10 4 15 1086276510 770311723 3 6 2004 15 28 43
1086735661 770770874 8 6 2004 23 1 14 1086739412 770774625 9 6 2004 0 3 45
1087042237 771077450 12 6 2004 12 10 50 1087047799 771083012 12 6 2004 13 43 32
1087059458 771094671 12 6 2004 16 57 51 1087065567 771100780 12 6 2004 18 39 40
1087078470 771113683 12 6 2004 22 14 43 1087091255 771126468 13 6 2004 1 47 48
1087321793 771357006 15 6 2004 17 50 6 1087327740 771362953 15 6 2004 19 29 13
1087469871 771505084 17 6 2004 10 58 4 1087473552 771508765 17 6 2004 11 59 25
1087631872 771667085 19 6 2004 7 58 5 1087636088 771671301 19 6 2004 9 8 21
1088994438 773029651 5 7 2004 2 27 31 1089046302 773081515 5 7 2004 16 51 55
1090123921 774159134 18 7 2004 4 12 14 1090266048 774301261 19 7 2004 19 41 1
1090347075 774382288 20 7 2004 18 11 28 1090509029 774544242 22 7 2004 15 10 42
1090761610 774796823 25 7 2004 13 20 23 1090769019 774804232 25 7 2004 15 23 52
1090932158 774967371 27 7 2004 12 42 51 1090936416 774971629 27 7 2004 13 53 49
1091239602 775274815 31 7 2004 2 6 55 1091243783 775278996 31 7 2004 3 16 36
1091560178 775595391 3 8 2004 19 9 51 1091569434 775604647 3 8 2004 21 44 7
1091672116 775707329 5 8 2004 2 15 29 1091748331 775783544 5 8 2004 23 25 44
1091767879 775803092 6 8 2004 4 51 32 1091783511 775818724 6 8 2004 9 12 4
1092181158 776216371 10 8 2004 23 39 31 1092231439 776266652 11 8 2004 13 37 32
1092282670 776317883 12 8 2004 3 51 23 1092295726 776330939 12 8 2004 7 28 59
1092399926 776435139 13 8 2004 12 25 39 1092402937 776438150 13 8 2004 13 15 50
1092656264 776691477 16 8 2004 11 37 57 1092667089 776702302 16 8 2004 14 38 22
1092744000 776779213 17 8 2004 12 0 13 1101427200 785462413 26 11 2004 0 0 13
1101563958 785599171 27 11 2004 13 59 31 1101567843 785603056 27 11 2004 15 4 16
1101966148 786001361 2 12 2004 5 42 41 1101976680 786011893 2 12 2004 8 38 13
1102035585 786070798 3 12 2004 0 59 58 1102039284 786074497 3 12 2004 2 1 37
1102103459 786138672 3 12 2004 19 51 12 1102107600 786142813 3 12 2004 21 0 13
1102283389 786318602 5 12 2004 21 50 2 1102343085 786378298 6 12 2004 14 24 58
1102370372 786405585 6 12 2004 21 59 45 1102374318 786409531 6 12 2004 23 5 31
1102532316 786567529 8 12 2004 18 58 49 1102536094 786571307 8 12 2004 20 1 47
1102568318 786603531 9 12 2004 4 58 51 1102572848 786608061 9 12 2004 6 14 21
1102712313 786747526 10 12 2004 20 58 46 1102716167 786751380 10 12 2004 22 3 0
1103573343 787608556 20 12 2004 20 9 16 1103575645 787610858 20 12 2004 20 47 38
1103605145 787640358 21 12 2004 4 59 18 1103608894 787644107 21 12 2004 6 1 47
1103827209 787862422 23 12 2004 18 40 22 1104084127 788119340 26 12 2004 18 2 20
1104616396 788651609 1 1 2005 21 53 29 1104624094 788659307 2 1 2005 0 1 47
1104901171 788936384 5 1 2005 4 59 44 1104912280 788947493 5 1 2005 8 4 53
1105008197 789043410 6 1 2005 10 43 30 1105023446 789058659 6 1 2005 14 57 39
1105081816 789117029 7 1 2005 7 10 29 1105087407 789122620 7 1 2005 8 43 40
1105109467 789144680 7 1 2005 14 51 20 1105122115 789157328 7 1 2005 18 22 8
1105253704 789288917 9 1 2005 6 55 17 1105311781 789346994 9 1 2005 23 3 14
1105419433 789454646 11 1 2005 4 57 26 1105428039 789463252 11 1 2005 7 20 52
1105655867 789691080 13 1 2005 22 38 0 1105658761 789693974 13 1 2005 23 26 14
1105681751 789716964 14 1 2005 5 49 24 1105706431 789741644 14 1 2005 12 40 44
1105735887 789771100 14 1 2005 20 51 40 1105740338 789775551 14 1 2005 22 5 51
1105837061 789872274 16 1 2005 0 57 54 1105841215 789876428 16 1 2005 2 7 8
1105897990 789933203 16 1 2005 17 53 23 1105934119 789969332 17 1 2005 3 55 32
1105964018 789999231 17 1 2005 12 13 51 1106010103 790045316 18 1 2005 1 1 56
1106248188 790283401 20 1 2005 19 10 1 1106250834 790286047 20 1 2005 19 54 7
1106399622 790434835 22 1 2005 13 13 55 1106401554 790436767 22 1 2005 13 46 7
1106743607 790778820 26 1 2005 12 47 0 1106766104 790801317 26 1 2005 19 1 57
1107481817 791517030 4 2 2005 1 50 30 1107519441 791554654 4 2 2005 12 17 34
1107569247 791604460 5 2 2005 2 7 40 1107617079 791652292 5 2 2005 15 24 52
1107656975 791692188 6 2 2005 2 29 48 1107661412 791696625 6 2 2005 3 43 45
1107695913 791731126 6 2 2005 13 18 46 1107733889 791769102 6 2 2005 23 51 42
1107913515 791948728 9 2 2005 1 45 28 1107918879 791954092 9 2 2005 3 14 52
1107935551 791970764 9 2 2005 7 52 44 1107952270 791987483 9 2 2005 12 31 23
1108186710 792221923 12 2 2005 5 38 43 1108189047 792224260 12 2 2005 6 17 40
1108264303 792299516 13 2 2005 3 11 56 1108323043 792358256 13 2 2005 19 30 56
1108378719 792413932 14 2 2005 10 58 52 1108382521 792417734 14 2 2005 12 2 14
1108476792 792512005 15 2 2005 14 13 25 1108490888 792526101 15 2 2005 18 8 21
1108525257 792560470 16 2 2005 3 41 10 1108530141 792565354 16 2 2005 5 2 34
1108678463 792713676 17 2 2005 22 14 36 1108728469 792763682 18 2 2005 12 8 2
1108952321 792987534 21 2 2005 2 18 54 1108994727 793029940 21 2 2005 14 5 40
1109116772 793151985 22 2 2005 23 59 45 1109164474 793199687 23 2 2005 13 14 47
1109210108 793245321 24 2 2005 1 55 21 1109258170 793293383 24 2 2005 15 16 23
1109279841 793315054 24 2 2005 21 17 34 1109374453 793409666 25 2 2005 23 34 26
1109465403 793500616 27 2 2005 0 50 16 1109596462 793631675 28 2 2005 13 14 35
1109721743 793756956 2 3 2005 0 2 36 1109765034 793800247 2 3 2005 12 4 7
1109857706 793892919 3 3 2005 13 48 39 1109864436 793899649 3 3 2005 15 40 49
1109900745 793935958 4 3 2005 1 45 58 1109903802 793939015 4 3 2005 2 36 55
1109990287 794025500 5 3 2005 2 38 20 1110004126 794039339 5 3 2005 6 28 59
1110098744 794133957 6 3 2005 8 45 57 1110187457 794222670 7 3 2005 9 24 30
1110198829 794234042 7 3 2005 12 34 2 1110222605 794257818 7 3 2005 19 10 18
1110244827 794280040 8 3 2005 1 20 40 1110250684 794285897 8 3 2005 2 58 17
1110302223 794337436 8 3 2005 17 17 16 1110316601 794351814 8 3 2005 21 16 54
1110361987 794397200 9 3 2005 9 53 20 1110371196 794406409 9 3 2005 12 26 49
1110430018 794465231 10 3 2005 4 47 11 1110459598 794494811 10 3 2005 13 0 11
1110599314 794634527 12 3 2005 3 48 47 1110601296 794636509 12 3 2005 4 21 49
1110672041 794707254 13 3 2005 0 0 54 1110679384 794714597 13 3 2005 2 3 17
1110760074 794795287 14 3 2005 0 28 7 1110801371 794836584 14 3 2005 11 56 24
1110923538 794958751 15 3 2005 21 52 31 1110945921 794981134 16 3 2005 4 5 34
1111122810 795158023 18 3 2005 5 13 43 1111165292 795200505 18 3 2005 17 1 45
1111309027 795344240 20 3 2005 8 57 20 1111312852 795348065 20 3 2005 10 1 5
1111438661 795473874 21 3 2005 20 57 54 1111453451 795488664 22 3 2005 1 4 24
1111696266 795731479 24 3 2005 20 31 19 1111701228 795736441 24 3 2005 21 54 1
1111784850 795820063 25 3 2005 21 7 43 1111841900 795877113 26 3 2005 12 58 33
1111860934 795896147 26 3 2005 18 15 47 1112835660 796870873 7 4 2005 1 1 13
1112914738 796949951 7 4 2005 22 59 11 1112964766 796999979 8 4 2005 12 52 59
1112990245 797025458 8 4 2005 19 57 38 1113160784 797195997 10 4 2005 19 19 57
1113172332 797207545 10 4 2005 22 32 25 1113199263 797234476 11 4 2005 6 1 16
1113220601 797255814 11 4 2005 11 56 54 1113271227 797306440 12 4 2005 2 0 40
1113294095 797329308 12 4 2005 8 21 48 1113325376 797360589 12 4 2005 17 3 9
1113413236 797448449 13 4 2005 17 27 29 1113415430 797450643 13 4 2005 18 4 3
1113532738 797567951 15 4 2005 2 39 11 1113559412 797594625 15 4 2005 10 3 45
1113631138 797666351 16 4 2005 5 59 11 1113634998 797670211 16 4 2005 7 3 31
1113696947 797732160 17 4 2005 0 16 0 1113761869 797797082 17 4 2005 18 18 2
1113941481 797976694 19 4 2005 20 11 34 1113943865 797979078 19 4 2005 20 51 18
1114003599 798038812 20 4 2005 13 26 52 1114006174 798041387 20 4 2005 14 9 47
1114070046 798105259 21 4 2005 7 54 19 1115078278 799113491 2 5 2005 23 58 11
1115101043 799136256 3 5 2005 6 17 36 1115134719 799169932 3 5 2005 15 38 52
1115175566 799210779 4 5 2005 2 59 39 1115182976 799218189 4 5 2005 5 3 9
1115793442 799828655 11 5 2005 6 37 35 1115815672 799850885 11 5 2005 12 48 5
1116093555 800128768 14 5 2005 17 59 28 1116097213 800132426 14 5 2005 19 0 26
1116118429 800153642 15 5 2005 0 54 2 1116142493 800177706 15 5 2005 7 35 6
1116440723 800475936 18 5 2005 18 25 36 1116444074 800479287 18 5 2005 19 21 27
1116511187 800546400 19 5 2005 14 0 0 1116514787 800550000 19 5 2005 15 0 0
1116526497 800561710 19 5 2005 18 15 10 1116530212 800565425 19 5 2005 19 17 5
1116661178 800696391 21 5 2005 7 39 51 1116677618 800712831 21 5 2005 12 13 51
1116691457 800726670 21 5 2005 16 4 30 1116738786 800773999 22 5 2005 5 13 19
1116771970 800807183 22 5 2005 14 26 23 1116778626 800813839 22 5 2005 16 17 19
1116799352 800834565 22 5 2005 22 2 45 1116805552 800840765 22 5 2005 23 46 5
1116950248 800985461 24 5 2005 15 57 41 1116976072 801011285 24 5 2005 23 8 5
1117249132 801284345 28 5 2005 2 59 5 1117252876 801288089 28 5 2005 4 1 29
1117393168 801428381 29 5 2005 18 59 41 1117396817 801432030 29 5 2005 20 0 30
1117432571 801467784 30 5 2005 5 56 24 1117436766 801471979 30 5 2005 7 6 19
1117471493 801506706 30 5 2005 16 45 6 1117473559 801508772 30 5 2005 17 19 32
1117526116 801561329 31 5 2005 7 55 29 1117539241 801574454 31 5 2005 11 34 14
1117595873 801631086 1 6 2005 3 18 6 1117627895 801663108 1 6 2005 12 11 48
1117861093 801896306 4 6 2005 4 58 26 1117903004 801938217 4 6 2005 16 36 57
1118102290 802137503 6 6 2005 23 58 23 1118117702 802152915 7 6 2005 4 15 15
1118404784 802439997 10 6 2005 11 59 57 1118408629 802443842 10 6 2005 13 4 2
1118462223 802497436 11 6 2005 3 57 16 1118566010 802601223 12 6 2005 8 47 3
1118631735 802666948 13 6 2005 3 2 28 1118689072 802724285 13 6 2005 18 58 5
1118792471 802827684 14 6 2005 23 41 24 1118794148 802829361 15 6 2005 0 9 21
1118901934 802937147 16 6 2005 6 5 47 1118948769 802983982 16 6 2005 19 6 22
1119046475 803081688 17 6 2005 22 14 48 1119049792 803085005 17 6 2005 23 10 5
1119275822 803311035 20 6 2005 13 57 15 1119294366 803329579 20 6 2005 19 6 19
1119746371 803781584 26 6 2005 0 39 44 1119883694 803918907 27 6 2005 14 48 27
1120001553 804036766 28 6 2005 23 32 46 1120056701 804091914 29 6 2005 14 51 54
1120157932 804193145 30 6 2005 18 59 5 1120168901 804204114 30 6 2005 22 1 54
1120181644 804216857 1 7 2005 1 34 17 1120569504 804604717 5 7 2005 13 18 37
1120676959 804712172 6 7 2005 19 9 32 1121191242 805226455 12 7 2005 18 0 55
1121222197 805257410 13 7 2005 2 36 50 1121225178 805260391 13 7 2005 3 26 31
1121242625 805277838 13 7 2005 8 17 18 1121287694 805322907 13 7 2005 20 48 27
1121301718 805336931 14 7 2005 0 42 11 1121347110 805382323 14 7 2005 13 18 43
1121711141 805746354 18 7 2005 18 25 54 1121712787 805748000 18 7 2005 18 53 20
1121929117 805964330 21 7 2005 6 58 50 1121954522 805989735 21 7 2005 14 2 15
1121969523 806004736 21 7 2005 18 12 16 1121973206 806008419 21 7 2005 19 13 39
1122049164 806084377 22 7 2005 16 19 37 1122055895 806091108 22 7 2005 18 11 48
1122171571 806206784 24 7 2005 2 19 44 1122241676 806276889 24 7 2005 21 48 9
1122265449 806300662 25 7 2005 4 24 22 1122301594 806336807 25 7 2005 14 26 47
1122350343 806385556 26 7 2005 3 59 16 1122379587 806414800 26 7 2005 12 6 40
1122544672 806579885 28 7 2005 9 58 5 1122548674 806583887 28 7 2005 11 4 47
1122798277 806833490 31 7 2005 8 24 50 1122984034 807019247 2 8 2005 12 0 47
1123297155 807332368 6 8 2005 2 59 28 1123318695 807353908 6 8 2005 8 58 28
1123371730 807406943 6 8 2005 23 42 23 1123373524 807408737 7 8 2005 0 12 17
1123407625 807442838 7 8 2005 9 40 38 1123414916 807450129 7 8 2005 11 42 9
1123459579 807494792 8 8 2005 0 6 32 1123461484 807496697 8 8 2005 0 38 17
1123847949 807883162 12 8 2005 11 59 22 1123851784 807886997 12 8 2005 13 3 17
1124302357 808337570 17 8 2005 18 12 50 1124378773 808413986 18 8 2005 15 26 26
1124454888 808490101 19 8 2005 12 35 1 1124463440 808498653 19 8 2005 14 57 33
1125390053 809425266 30 8 2005 8 21 6 1125401236 809436449 30 8 2005 11 27 29
1126027984 810063197 6 9 2005 17 33 17 1126036955 810072168 6 9 2005 20 2 48
1126054198 810089411 7 9 2005 0 50 11 1126095489 810130702 7 9 2005 12 18 22
1126189925 810225138 8 9 2005 14 32 18 1126228567 810263780 9 9 2005 1 16 20
1126289800 810325013 9 9 2005 18 16 53 1126326507 810361720 10 9 2005 4 28 40
1126651818 810687031 13 9 2005 22 50 31 1126653347 810688560 13 9 2005 23 16 0
1126734161 810769374 14 9 2005 21 42 54 1126743465 810778678 15 9 2005 0 17 58
1126805362 810840575 15 9 2005 17 29 35 1126806993 810842206 15 9 2005 17 56 46
1126881127 810916340 16 9 2005 14 32 20 1126882884 810918097 16 9 2005 15 1 37
1127004748 811039961 18 9 2005 0 52 41 1127052083 811087296 18 9 2005 14 1 36
1127080787 811116000 18 9 2005 22 0 0 1127082346 811117559 18 9 2005 22 25 59
1127162002 811197215 19 9 2005 20 33 35 1127175440 811210653 20 9 2005 0 17 33
1127224405 811259618 20 9 2005 13 53 38 1127239828 811275041 20 9 2005 18 10 41
1127258533 811293746 20 9 2005 23 22 26 1127260148 811295361 20 9 2005 23 49 21
1127505271 811540484 23 9 2005 19 54 44 1127509229 811544442 23 9 2005 21 0 42
1127863343 811898556 27 9 2005 23 22 36 1127864865 811900078 27 9 2005 23 47 58
1128365971 812401184 3 10 2005 18 59 44 1128380592 812415805 3 10 2005 23 3 25
1128456021 812491234 4 10 2005 20 0 34 1128458695 812493908 4 10 2005 20 45 8
1129489139 813524352 16 10 2005 18 59 12 1129495818 813531031 16 10 2005 20 50 31
1129619501 813654714 18 10 2005 7 11 54 1129621081 813656294 18 10 2005 7 38 14
1130286555 814321768 26 10 2005 0 29 28 1130288425 814323638 26 10 2005 1 0 38
1130504360 814539573 28 10 2005 12 59 33 1130508228 814543441 28 10 2005 14 4 1
1131634416 815669629 10 11 2005 14 53 49 1131645827 815681040 10 11 2005 18 4 0
1132314193 816349406 18 11 2005 11 43 26 1132324432 816359645 18 11 2005 14 34 5
1132348213 816383426 18 11 2005 21 10 26 1132356155 816391368 18 11 2005 23 22 48
1132407287 816442500 19 11 2005 13 35 0 1132413903 816449116 19 11 2005 15 25 16
1133668726 817703939 4 12 2005 3 58 59 1133672719 817707932 4 12 2005 5 5 32
1133696143 817731356 4 12 2005 11 35 56 1133714071 817749284 4 12 2005 16 34 44
1134431941 818467154 12 12 2005 23 59 14 1134435600 818470813 13 12 2005 1 0 13
1134611911 818647124 15 12 2005 1 58 44 1134619442 818654655 15 12 2005 4 4 15
1135088749 819123962 20 12 2005 14 26 2 1135090315 819125528 20 12 2005 14 52 8
1135245354 819280567 22 12 2005 9 56 7 1135246805 819282018 22 12 2005 10 20 18
1136096440 820131654 1 1 2006 6 20 54 1136229431 820264645 2 1 2006 19 17 25
1136321933 820357147 3 1 2006 20 59 7 1136325613 820360827 3 1 2006 22 0 27
1136343455 820378669 4 1 2006 2 57 49 1136347465 820382679 4 1 2006 4 4 39
1136440609 820475823 5 1 2006 5 57 3 1136463794 820499008 5 1 2006 12 23 28
1136741329 820776543 8 1 2006 17 29 3 1136755888 820791102 8 1 2006 21 31 42
1137584314 821619528 18 1 2006 11 38 48 1137586564 821621778 18 1 2006 12 16 18
1137920156 821955370 22 1 2006 8 56 10 1137924266 821959480 22 1 2006 10 4 40
1138939689 822974903 3 2 2006 4 8 23 1138944157 822979371 3 2 2006 5 22 51
1139124820 823160034 5 2 2006 7 33 54 1139137567 823172781 5 2 2006 11 6 21
1139352967 823388181 7 2 2006 22 56 21 1139356819 823392033 8 2 2006 0 0 33
1139678873 823714087 11 2 2006 17 28 7 1139698832 823734046 11 2 2006 23 0 46
1140029931 824065145 15 2 2006 18 59 5 1140037254 824072468 15 2 2006 21 1 8
1140371684 824406898 19 2 2006 17 54 58 1140382792 824418006 19 2 2006 21 0 6
1140620259 824655473 22 2 2006 14 57 53 1140631763 824666977 22 2 2006 18 9 37
1141235949 825271163 1 3 2006 17 59 23 1141239618 825274832 1 3 2006 19 0 32
1142247556 826282770 13 3 2006 10 59 30 1142251359 826286573 13 3 2006 12 2 53
1142263864 826299078 13 3 2006 15 31 18 1142270900 826306114 13 3 2006 17 28 34
1144239592 828274806 5 4 2006 12 20 6 1144242394 828277608 5 4 2006 13 6 48
1144298893 828334107 6 4 2006 4 48 27 1144300234 828335448 6 4 2006 5 10 48
1144514067 828549281 8 4 2006 16 34 41 1144515433 828550647 8 4 2006 16 57 27
1145478383 829513597 19 4 2006 20 26 37 1145481418 829516632 19 4 2006 21 17 12
1145715724 829750938 22 4 2006 14 22 18 1145717248 829752462 22 4 2006 14 47 42
1146149657 830184871 27 4 2006 14 54 31 1146178793 830214007 27 4 2006 23 0 7
1146261492 830296706 28 4 2006 21 58 26 1146268838 830304052 29 4 2006 0 0 52
1146347831 830383045 29 4 2006 21 57 25 1146352582 830387796 29 4 2006 23 16 36
1146434369 830469583 30 4 2006 21 59 43 1146455988 830491202 1 5 2006 4 0 2
1146520732 830555946 1 5 2006 21 59 6 1146539086 830574300 2 5 2006 3 5 0
1146566291 830601505 2 5 2006 10 38 25 1146573105 830608319 2 5 2006 12 31 59
1148223015 832258229 21 5 2006 14 50 29 1148224495 832259709 21 5 2006 15 15 9
1148650508 832685722 26 5 2006 13 35 22 1148651969 832687183 26 5 2006 13 59 43
1149035799 833071013 31 5 2006 0 36 53 1149037284 833072498 31 5 2006 1 1 38
1149356942 833392156 3 6 2006 17 49 16 1149371428 833406642 3 6 2006 21 50 42
1149424551 833459765 4 6 2006 12 36 5 1149444961 833480175 4 6 2006 18 16 15
1149959574 833994788 10 6 2006 17 13 8 1149961018 833996232 10 6 2006 17 37 12
1150300334 834335548 14 6 2006 15 52 28 1150302415 834337629 14 6 2006 16 27 9
1150376649 834411863 15 6 2006 13 4 23 1150378399 834413613 15 6 2006 13 33 33
1150459716 834494930 16 6 2006 12 8 50 1150461088 834496302 16 6 2006 12 31 42
1150490249 834525463 16 6 2006 20 37 43 1150521695 834556909 17 6 2006 5 21 49
1150735892 834771106 19 6 2006 16 51 46 1150760416 834795630 19 6 2006 23 40 30
1151841345 835876559 2 7 2006 11 55 59 1151845345 835880559 2 7 2006 13 2 39
1151941366 835976580 3 7 2006 15 43 0 1151942761 835977975 3 7 2006 16 6 15
1152174191 836209405 6 7 2006 8 23 25 1152189216 836224430 6 7 2006 12 33 50
1152570146 836605360 10 7 2006 22 22 40 1152571574 836606788 10 7 2006 22 46 28
1152621398 836656612 11 7 2006 12 36 52 1152625218 836660432 11 7 2006 13 40 32
1152727167 836762381 12 7 2006 17 59 41 1152738744 836773958 12 7 2006 21 12 38
1152831091 836866305 13 7 2006 22 51 45 1152832792 836868006 13 7 2006 23 20 6
1152903279 836938493 14 7 2006 18 54 53 1152905230 836940444 14 7 2006 19 27 24
1153049267 837084481 16 7 2006 11 28 1 1153059504 837094718 16 7 2006 14 18 38
1154534297 838569511 2 8 2006 15 58 31 1154539991 838575205 2 8 2006 17 33 25
1156291004 840326218 22 8 2006 23 56 58 1156377606 840412820 24 8 2006 0 0 20
1157046575 841081789 31 8 2006 17 49 49 1157047961 841083175 31 8 2006 18 12 55
1157165885 841201099 2 9 2006 2 58 19 1157168166 841203380 2 9 2006 3 36 20
1157248122 841283336 3 9 2006 1 48 56 1157318470 841353684 3 9 2006 21 21 24
1157338569 841373783 4 9 2006 2 56 23 1157340032 841375246 4 9 2006 3 20 46
1157771834 841807048 9 9 2006 3 17 28 1157774424 841809638 9 9 2006 4 0 38
1158509075 842544289 17 9 2006 16 4 49 1158510384 842545598 17 9 2006 16 26 38
1158692711 842727925 19 9 2006 19 5 25 1158698375 842733589 19 9 2006 20 39 49
1159541023 843576237 29 9 2006 14 43 57 1159544619 843579833 29 9 2006 15 43 53
1159887259 843922473 3 10 2006 14 54 33 1159888543 843923757 3 10 2006 15 15 57
1159901405 843936619 3 10 2006 18 50 19 1159908228 843943442 3 10 2006 20 44 2
1160455648 844490862 10 10 2006 4 47 42 1160457694 844492908 10 10 2006 5 21 48
1160628759 844663973 12 10 2006 4 52 53 1160639054 844674268 12 10 2006 7 44 28
1160656545 844691759 12 10 2006 12 35 59 1160667481 844702695 12 10 2006 15 38 15
1160715944 844751158 13 10 2006 5 5 58 1160719426 844754640 13 10 2006 6 4 0
1164384295 848419509 24 11 2006 16 5 9 1164385694 848420908 24 11 2006 16 28 28
1165460325 849495539 7 12 2006 2 58 59 1165467673 849502887 7 12 2006 5 1 27
1165933772 849968986 12 12 2006 14 29 46 1165935404 849970618 12 12 2006 14 56 58
1166559447 850594661 19 12 2006 20 17 41 1166560669 850595883 19 12 2006 20 38 3
1166664098 850699312 21 12 2006 1 21 52 1166665296 850700510 21 12 2006 1 41 50
1167440367 851475581 30 12 2006 0 59 41 1167451272 851486486 30 12 2006 4 1 26
1167763822 851799036 2 1 2007 18 50 36 1167765185 851800399 2 1 2007 19 13 19
1167837927 851873141 3 1 2007 15 25 41 1167876398 851911612 4 1 2007 2 6 52
1167939798 851975012 4 1 2007 19 43 32 1167944842 851980056 4 1 2007 21 7 36
1168113579 852148793 6 1 2007 19 59 53 1168120859 852156073 6 1 2007 22 1 13
1168192570 852227784 7 1 2007 17 56 24 1168196565 852231779 7 1 2007 19 2 59
1168279948 852315162 8 1 2007 18 12 42 1168287428 852322642 8 1 2007 20 17 22
1168970354 853005568 16 1 2007 17 59 28 1168995611 853030825 17 1 2007 1 0 25
1169059890 853095104 17 1 2007 18 51 44 1169092120 853127334 18 1 2007 3 48 54
1169127050 853162264 18 1 2007 13 31 4 1169136670 853171884 18 1 2007 16 11 24
1169219173 853254387 19 1 2007 15 6 27 1169237646 853272860 19 1 2007 20 14 20
1169402382 853437596 21 1 2007 17 59 56 1169406110 853441324 21 1 2007 19 2 4
1169560647 853595861 23 1 2007 13 57 41 1169574733 853609947 23 1 2007 17 52 27
1169838190 853873404 26 1 2007 19 3 24 1169839331 853874545 26 1 2007 19 22 25
1169866587 853901801 27 1 2007 2 56 41 1169870424 853905638 27 1 2007 4 0 38
1170003437 854038651 28 1 2007 16 57 31 1170007259 854042473 28 1 2007 18 1 13
1170249157 854284371 31 1 2007 13 12 51 1170252779 854287993 31 1 2007 14 13 13
1171214794 855250008 11 2 2007 17 26 48 1171215874 855251088 11 2 2007 17 44 48
1171234763 855269977 11 2 2007 22 59 37 1171238453 855273667 12 2 2007 0 1 7
1171569128 855604342 15 2 2007 19 52 22 1171575441 855610655 15 2 2007 21 37 35
1171694090 855729304 17 2 2007 6 35 4 1171695258 855730472 17 2 2007 6 54 32
1172007726 856042940 20 2 2007 21 42 20 1172009006 856044220 20 2 2007 22 3 40
1172908083 856943297 3 3 2007 7 48 17 1172946834 856982048 3 3 2007 18 34 8
1173118318 857153532 5 3 2007 18 12 12 1173120558 857155772 5 3 2007 18 49 32
1174013957 858049171 16 3 2007 2 59 31 1174017596 858052810 16 3 2007 4 0 10
1174539506 858574720 22 3 2007 4 58 40 1174543213 858578427 22 3 2007 6 0 27
1174568286 858603500 22 3 2007 12 58 20 1174572047 858607261 22 3 2007 14 1 1
1177115934 861151148 21 4 2007 0 39 8 1177116981 861152195 21 4 2007 0 56 35
1177391530 861426744 24 4 2007 5 12 24 1177396513 861431727 24 4 2007 6 35 27
1177558133 861593347 26 4 2007 3 29 7 1177559160 861594374 26 4 2007 3 46 14
1179600569 863635783 19 5 2007 18 49 43 1179607141 863642355 19 5 2007 20 39 15
1179895086 863930300 23 5 2007 4 38 20 1179895919 863931133 23 5 2007 4 52 13
1179935982 863971196 23 5 2007 15 59 56 1179936826 863972040 23 5 2007 16 14 0
1180036003 864071217 24 5 2007 19 46 57 1180037434 864072648 24 5 2007 20 10 48
1180614076 864649290 31 5 2007 12 21 30 1180646203 864681417 31 5 2007 21 16 57
1180659620 864694834 1 6 2007 1 0 34 1180750596 864785810 2 6 2007 2 16 50
1180787446 864822660 2 6 2007 12 31 0 1180810275 864845489 2 6 2007 18 51 29
1180919272 864954486 4 6 2007 1 8 6 1181001441 865036655 4 6 2007 23 57 35
1181067958 865103172 5 6 2007 18 26 12 1181072813 865108027 5 6 2007 19 47 7
1181537867 865573081 11 6 2007 4 58 1 1181541592 865576806 11 6 2007 6 0 6
1182293971 866329185 19 6 2007 22 59 45 1182297623 866332837 20 6 2007 0 0 37
1183648470 867683684 5 7 2007 15 14 44 1183649265 867684479 5 7 2007 15 27 59
1183849430 867884644 7 7 2007 23 4 4 1183850237 867885451 7 7 2007 23 17 31
1184253180 868288394 12 7 2007 15 13 14 1184254051 868289265 12 7 2007 15 27 45
1184734774 868769988 18 7 2007 4 59 48 1184760223 868795437 18 7 2007 12 3 57
1185210080 869245294 23 7 2007 17 1 34 1185210883 869246097 23 7 2007 17 14 57
1185305854 869341068 24 7 2007 19 37 48 1185306728 869341942 24 7 2007 19 52 22
1185361027 869396241 25 7 2007 10 57 21 1185364813 869400027 25 7 2007 12 0 27
1185407577 869442791 25 7 2007 23 53 11 1185408521 869443735 26 7 2007 0 8 55
1187124547 871159761 14 8 2007 20 49 21 1187125768 871160982 14 8 2007 21 9 42
1187253972 871289186 16 8 2007 8 46 26 1187353404 871388618 17 8 2007 12 23 38
1187458006 871493220 18 8 2007 17 27 0 1187459175 871494389 18 8 2007 17 46 29
1187483162 871518376 19 8 2007 0 26 16 1187488698 871523912 19 8 2007 1 58 32
1189868011 873903225 15 9 2007 14 53 45 1189868818 873904032 15 9 2007 15 7 12
1190537988 874573202 23 9 2007 9 0 2 1190538844 874574058 23 9 2007 9 14 18
1190999684 875034898 28 9 2007 17 14 58 1191000527 875035741 28 9 2007 17 29 1
1192686727 876721941 18 10 2007 5 52 21 1192687515 876722729 18 10 2007 6 5 29
1193165268 877200482 23 10 2007 18 48 2 1193170568 877205782 23 10 2007 20 16 22
1193570371 877605585 28 10 2007 11 19 45 1193580525 877615739 28 10 2007 14 8 59
1193976962 878012176 2 11 2007 4 16 16 1193977730 878012944 2 11 2007 4 29 4
1194733310 878768524 10 11 2007 22 22 4 1194734337 878769551 10 11 2007 22 39 11
1194749956 878785170 11 11 2007 2 59 30 1194753611 878788825 11 11 2007 4 0 25
1195224154 879259368 16 11 2007 14 42 48 1195230278 879265492 16 11 2007 16 24 52
1195253523 879288737 16 11 2007 22 52 17 1195313282 879348496 17 11 2007 15 28 16
1195664320 879699534 21 11 2007 16 58 54 1195668036 879703250 21 11 2007 18 0 50
1195686451 879721665 21 11 2007 23 7 45 1195690129 879725343 22 11 2007 0 9 3
1195704232 879739446 22 11 2007 4 4 6 1195705775 879740989 22 11 2007 4 29 49
1195922401 879957615 24 11 2007 16 40 15 1196088217 880123431 26 11 2007 14 43 51
1196168439 880203653 27 11 2007 13 0 53 1196170440 880205654 27 11 2007 13 34 14
1197059704 881094918 7 12 2007 20 35 18 1197201653 881236867 9 12 2007 12 1 7
1198235350 882270564 21 12 2007 11 9 24 1198237225 882272439 21 12 2007 11 40 39
1198265468 882300682 21 12 2007 19 31 22 1198411188 882446402 23 12 2007 12 0 2
1198558651 882593865 25 12 2007 4 57 45 1198591278 882626492 25 12 2007 14 1 32
1198709887 882745101 26 12 2007 22 58 21 1198713653 882748867 27 12 2007 0 1 7
1199424060 883459274 4 1 2008 5 21 14 1199458729 883493943 4 1 2008 14 59 3
1200039683 884074897 11 1 2008 8 21 37 1200040846 884076060 11 1 2008 8 41 0
1200121091 884156305 12 1 2008 6 58 25 1200123177 884158391 12 1 2008 7 33 11
1200478887 884514101 16 1 2008 10 21 41 1200479746 884514960 16 1 2008 10 36 0
1201031946 885067160 22 1 2008 19 59 20 1201035694 885070908 22 1 2008 21 1 48
1201280333 885315547 25 1 2008 16 59 7 1201284015 885319229 25 1 2008 18 0 29
1201481788 885517002 28 1 2008 0 56 42 1201489266 885524480 28 1 2008 3 1 20
1201879191 885914405 1 2 2008 15 20 5 1201881287 885916501 1 2 2008 15 55 1
1201998588 886033802 3 2 2008 0 30 2 1202044529 886079743 3 2 2008 13 15 43
1202141124 886176338 4 2 2008 16 5 38 1202148065 886183279 4 2 2008 18 1 19
1202227126 886262340 5 2 2008 15 59 0 1202248809 886284023 5 2 2008 22 0 23
1202320720 886355934 6 2 2008 17 58 54 1202327996 886363210 6 2 2008 20 0 10
1202594340 886629554 9 2 2008 21 59 14 1202598001 886633215 9 2 2008 23 0 15
1202751804 886787018 11 2 2008 17 43 38 1202763401 886798615 11 2 2008 20 56 55
1203969494 888004708 25 2 2008 19 58 28 1203977031 888012245 25 2 2008 22 4 5
1204153162 888188376 27 2 2008 22 59 36 1204156808 888192022 28 2 2008 0 0 22
1204246750 888281964 29 2 2008 0 59 24 1204257601 888292815 29 2 2008 4 0 15
1204505896 888541110 3 3 2008 0 58 30 1204516820 888552034 3 3 2008 4 0 34
1204786698 888821912 6 3 2008 6 58 32 1204790497 888825711 6 3 2008 8 1 51
1204826278 888861492 6 3 2008 17 58 12 1204833604 888868818 6 3 2008 20 0 18
1204901065 888936279 7 3 2008 14 44 39 1204901983 888937197 7 3 2008 14 59 57
1205567817 889603031 15 3 2008 7 57 11 1205571779 889606993 15 3 2008 9 3 13
1207638710 891673924 8 4 2008 7 12 4 1207656572 891691786 8 4 2008 12 9 46
1207671250 891706464 8 4 2008 16 14 24 1207677709 891712923 8 4 2008 18 2 3
1208092577 892127791 13 4 2008 13 16 31 1208094652 892129866 13 4 2008 13 51 6
1208188545 892223759 14 4 2008 15 55 59 1208202076 892237290 14 4 2008 19 41 30
1208431711 892466925 17 4 2008 11 28 45 1208439014 892474228 17 4 2008 13 30 28
1209404856 893440070 28 4 2008 17 47 50 1209406126 893441340 28 4 2008 18 9 0
1209653718 893688932 1 5 2008 14 55 32 1209656873 893692087 1 5 2008 15 48 7
1209672808 893708022 1 5 2008 20 13 42 1209675623 893710837 1 5 2008 21 0 37
1209792691 893827905 3 5 2008 5 31 45 1209821224 893856438 3 5 2008 13 27 18
1210337149 894372363 9 5 2008 12 46 3 1210337994 894373208 9 5 2008 13 0 8
1210540113 894575327 11 5 2008 21 8 47 1210593680 894628894 12 5 2008 12 1 34
1210659737 894694951 13 5 2008 6 22 31 1210679999 894715213 13 5 2008 12 0 13
1211565615 895600829 23 5 2008 18 0 29 1211566395 895601609 23 5 2008 18 13 29
1211613009 895648223 24 5 2008 7 10 23 1211613840 895649054 24 5 2008 7 24 14
1211896577 895931791 27 5 2008 13 56 31 1211897584 895932798 27 5 2008 14 13 18
1211937609 895972823 28 5 2008 1 20 23 1211938675 895973889 28 5 2008 1 38 9
1212662060 896697274 5 6 2008 10 34 34 1212662934 896698148 5 6 2008 10 49 8
1212773787 896809001 6 6 2008 17 36 41 1212774726 896809940 6 6 2008 17 52 20
1213111105 897146319 10 6 2008 15 18 39 1213113457 897148671 10 6 2008 15 57 51
1213376060 897411274 13 6 2008 16 54 34 1213381691 897416905 13 6 2008 18 28 25
1213547847 897583061 15 6 2008 16 37 41 1213628800 897664014 16 6 2008 15 6 54
1213945858 897981072 20 6 2008 7 11 12 1213946643 897981857 20 6 2008 7 24 17
1214322437 898357651 24 6 2008 15 47 31 1214324638 898359852 24 6 2008 16 24 12
1214677989 898713203 28 6 2008 18 33 23 1214678784 898713998 28 6 2008 18 46 38
1214978320 899013534 2 7 2008 5 58 54 1214979079 899014293 2 7 2008 6 11 33
1215096382 899131596 3 7 2008 14 46 36 1215097528 899132742 3 7 2008 15 5 42
1215110464 899145678 3 7 2008 18 41 18 1215111290 899146504 3 7 2008 18 55 4
1215176678 899211892 4 7 2008 13 4 52 1215178353 899213567 4 7 2008 13 32 47
1215381591 899416805 6 7 2008 22 0 5 1215383533 899418747 6 7 2008 22 32 27
1215796673 899831887 11 7 2008 17 18 7 1215800930 899836144 11 7 2008 18 29 4
1215817073 899852287 11 7 2008 22 58 7 1215817952 899853166 11 7 2008 23 12 46
1215844539 899879753 12 7 2008 6 35 53 1215854859 899890073 12 7 2008 9 27 53
1215871213 899906427 12 7 2008 14 0 27 1215877996 899913210 12 7 2008 15 53 30
1216467819 900503033 19 7 2008 11 43 53 1216488761 900523975 19 7 2008 17 32 55
1216795940 900831154 23 7 2008 6 52 34 1216815712 900850926 23 7 2008 12 22 6
1217010979 901046193 25 7 2008 18 36 33 1217018549 901053763 25 7 2008 20 42 43
1217092581 901127795 26 7 2008 17 16 35 1217095736 901130950 26 7 2008 18 9 10
1217147884 901183098 27 7 2008 8 38 18 1217148569 901183783 27 7 2008 8 49 43
1217178925 901214139 27 7 2008 17 15 39 1217184003 901219217 27 7 2008 18 40 17
1217196172 901231386 27 7 2008 22 3 6 1217246555 901281769 28 7 2008 12 2 49
1217270906 901306120 28 7 2008 18 48 40 1217286646 901321860 28 7 2008 23 11 0
1217351847 901387061 29 7 2008 17 17 41 1217353924 901389138 29 7 2008 17 52 18
1217407033 901442247 30 7 2008 8 37 27 1217407873 901443087 30 7 2008 8 51 27
1217444276 901479490 30 7 2008 18 58 10 1217529650 901564864 31 7 2008 18 41 4
1217550534 901585748 1 8 2008 0 29 8 1217551246 901586460 1 8 2008 0 41 0
1217771954 901807168 3 8 2008 13 59 28 1217773825 901809039 3 8 2008 14 30 39
1217943343 901978557 5 8 2008 13 35 57 1217953316 901988530 5 8 2008 16 22 10
1218045117 902080331 6 8 2008 17 52 11 1218046411 902081625 6 8 2008 18 13 45
1218145459 902180673 7 8 2008 21 44 33 1218148967 902184181 7 8 2008 22 43 1
1218278042 902313256 9 8 2008 10 34 16 1218289667 902324881 9 8 2008 13 48 1
1218908340 902943554 16 8 2008 17 39 14 1218911817 902947031 16 8 2008 18 37 11
1218994617 903029831 17 8 2008 17 37 11 1219007537 903042751 17 8 2008 21 12 31
1219050460 903085674 18 8 2008 9 7 54 1219051237 903086451 18 8 2008 9 20 51
1219254780 903289994 20 8 2008 17 53 14 1219256041 903291255 20 8 2008 18 14 15
1219331162 903366376 21 8 2008 15 6 16 1219342136 903377350 21 8 2008 18 9 10
1219437456 903472670 22 8 2008 20 37 50 1219438218 903473432 22 8 2008 20 50 32
1219513119 903548333 23 8 2008 17 38 53 1219513982 903549196 23 8 2008 17 53 16
1219561584 903596798 24 8 2008 7 6 38 1219600584 903635798 24 8 2008 17 56 38
1219828121 903863335 27 8 2008 9 8 55 1219838177 903873391 27 8 2008 11 56 31
1220273980 904309194 1 9 2008 12 59 54 1220277593 904312807 1 9 2008 14 0 7
1220289860 904325074 1 9 2008 17 24 34 1220290620 904325834 1 9 2008 17 37 14
1220436854 904472068 3 9 2008 10 14 28 1220442827 904478041 3 9 2008 11 54 1
1220862792 904898006 8 9 2008 8 33 26 1220874906 904910120 8 9 2008 11 55 20
1221063075 905098289 10 9 2008 16 11 29 1221063895 905099109 10 9 2008 16 25 9
1221575456 905610670 16 9 2008 14 31 10 1221576244 905611458 16 9 2008 14 44 18
1221737113 905772327 18 9 2008 11 25 27 1221737782 905772996 18 9 2008 11 36 36
1222059449 906094663 22 9 2008 4 57 43 1222060148 906095362 22 9 2008 5 9 22
1223147146 907182360 4 10 2008 19 6 0 1223253133 907288347 6 10 2008 0 32 27
1223394932 907430146 7 10 2008 15 55 46 1223396187 907431401 7 10 2008 16 16 41
1223731791 907767005 11 10 2008 13 30 5 1223737744 907772958 11 10 2008 15 9 18
1224025121 908060335 14 10 2008 22 58 55 1224036028 908071242 15 10 2008 2 0 42
1224664643 908699857 22 10 2008 8 37 37 1224665327 908700541 22 10 2008 8 49 1
1226091581 910126795 7 11 2008 20 59 55 1226242895 910278109 9 11 2008 15 1 49
1226257145 910292359 9 11 2008 18 59 19 1226260793 910296007 9 11 2008 20 0 7
1226332749 910367963 10 11 2008 15 59 23 1226365402 910400616 11 11 2008 1 3 36
1226379266 910414480 11 11 2008 4 54 40 1226383227 910418441 11 11 2008 6 0 41
1226429864 910465078 11 11 2008 18 57 58 1226440924 910476138 11 11 2008 22 2 18
1226856913 910892127 16 11 2008 17 35 27 1226872973 910908187 16 11 2008 22 3 7
1227020470 911055684 18 11 2008 15 1 24 1227052786 911088000 19 11 2008 0 0 0
1227628753 911663967 25 11 2008 15 59 27 1227639610 911674824 25 11 2008 19 0 24
1227956480 911991694 29 11 2008 11 1 34 1227966070 912001284 29 11 2008 13 41 24
1228082333 912117547 30 11 2008 21 59 7 1228097114 912132328 1 12 2008 2 5 28
1228566729 912601943 6 12 2008 12 32 23 1228686161 912721375 7 12 2008 21 42 55
1228927306 912962520 10 12 2008 16 42 0 1228929401 912964615 10 12 2008 17 16 55
1229986698 914021912 22 12 2008 22 58 32 1229990484 914025698 23 12 2008 0 1 38
1230394940 914430154 27 12 2008 16 22 34 1230395814 914431028 27 12 2008 16 37 8
1230714528 914749742 31 12 2008 9 9 2 1230824257 914859472 1 1 2009 15 37 52
1231696705 915731920 11 1 2009 17 58 40 1231700410 915735625 11 1 2009 19 0 25
1231869480 915904695 13 1 2009 17 58 15 1231870913 915906128 13 1 2009 18 22 8
1232183498 916218713 17 1 2009 9 11 53 1232218199 916253414 17 1 2009 18 50 14
1232726680 916761895 23 1 2009 16 4 55 1232729242 916764457 23 1 2009 16 47 37
1233050340 917085555 27 1 2009 9 59 15 1233054022 917089237 27 1 2009 11 0 37
1234533720 918568935 13 2 2009 14 2 15 1234538942 918574157 13 2 2009 15 29 17
1234652321 918687536 14 2 2009 22 58 56 1234656017 918691232 15 2 2009 0 0 32
1234808223 918843438 16 2 2009 18 17 18 1234810299 918845514 16 2 2009 18 51 54
1234874268 918909483 17 2 2009 12 38 3 1234876131 918911346 17 2 2009 13 9 6
1235053586 919088801 19 2 2009 14 26 41 1235074537 919109752 19 2 2009 20 15 52
1235135834 919171049 20 2 2009 13 17 29 1235138426 919173641 20 2 2009 14 0 41
1235221163 919256378 21 2 2009 12 59 38 1235224829 919260044 21 2 2009 14 0 44
1235851167 919886382 28 2 2009 19 59 42 1235858393 919893608 28 2 2009 22 0 8
1236808701 920843916 11 3 2009 21 58 36 1236816043 920851258 12 3 2009 0 0 58
1237517897 921553112 20 3 2009 2 58 32 1237521602 921556817 20 3 2009 4 0 17
1237541208 921576423 20 3 2009 9 27 3 1237541959 921577174 20 3 2009 9 39 34
1237554152 921589367 20 3 2009 13 2 47 1237554839 921590054 20 3 2009 13 14 14
1237593756 921628971 21 3 2009 0 2 51 1237653125 921688340 21 3 2009 16 32 20
1237874193 921909408 24 3 2009 5 56 48 1237874892 921910107 24 3 2009 6 8 27
1237957178 921992393 25 3 2009 4 59 53 1237960910 921996125 25 3 2009 6 2 5
1238108352 922143567 26 3 2009 22 59 27 1238115592 922150807 27 3 2009 1 0 7
1238199800 922235015 28 3 2009 0 23 35 1238200481 922235696 28 3 2009 0 34 56
1238337996 922373211 29 3 2009 14 46 51 1238338670 922373885 29 3 2009 14 58 5
1238503203 922538418 31 3 2009 12 40 18 1238503890 922539105 31 3 2009 12 51 45
1238522253 922557468 31 3 2009 17 57 48 1238522980 922558195 31 3 2009 18 9 55
1238588654 922623869 1 4 2009 12 24 29 1238589415 922624630 1 4 2009 12 37 10
1238601933 922637148 1 4 2009 16 5 48 1238602613 922637828 1 4 2009 16 17 8
1239926385 923961600 17 4 2009 0 0 0 1244433701 928468916 8 6 2009 4 1 56
1244483771 928518986 8 6 2009 17 56 26 1244485275 928520490 8 6 2009 18 21 30
1244815836 928851051 12 6 2009 14 10 51 1244823447 928858662 12 6 2009 16 17 42
1245191015 929226230 16 6 2009 22 23 50 1245192699 929227914 16 6 2009 22 51 54
1245235733 929270948 17 6 2009 10 49 8 1245237659 929272874 17 6 2009 11 21 14
1245324716 929359931 18 6 2009 11 32 11 1245325994 929361209 18 6 2009 11 53 29
1245369610 929404825 19 6 2009 0 0 25 1245371234 929406449 19 6 2009 0 27 29
1245841170 929876385 24 6 2009 10 59 45 1245873590 929908805 24 6 2009 20 0 5
1246384057 930419272 30 6 2009 17 47 52 1246386004 930421219 30 6 2009 18 20 19
1246491128 930526343 1 7 2009 23 32 23 1246492361 930527576 1 7 2009 23 52 56
1247493040 931528255 13 7 2009 13 50 55 1247494127 931529342 13 7 2009 14 9 2
1248702004 932737219 27 7 2009 13 40 19 1248703291 932738506 27 7 2009 14 1 46
1248767915 932803130 28 7 2009 7 58 50 1248807041 932842256 28 7 2009 18 50 56
1250214926 934250141 14 8 2009 1 55 41 1250272837 934308052 14 8 2009 18 0 52
1250679519 934714734 19 8 2009 10 58 54 1250683248 934718463 19 8 2009 12 1 3
1250770516 934805731 20 8 2009 12 15 31 1250771839 934807054 20 8 2009 12 37 34
1251136761 935171976 24 8 2009 17 59 36 1251222188 935257403 25 8 2009 17 43 23
1251951754 935986969 3 9 2009 4 22 49 1251952648 935987863 3 9 2009 4 37 43
1252194672 936229887 5 9 2009 23 51 27 1252195651 936230866 6 9 2009 0 7 46
1252690985 936726200 11 9 2009 17 43 20 1252694139 936729354 11 9 2009 18 35 54
1253036981 937072196 15 9 2009 17 49 56 1253043072 937078287 15 9 2009 19 31 27
1253104953 937140168 16 9 2009 12 42 48 1253108804 937144019 16 9 2009 13 46 59
1253148994 937184209 17 9 2009 0 56 49 1253149852 937185067 17 9 2009 1 11 7
1253424687 937459902 20 9 2009 5 31 42 1253425535 937460750 20 9 2009 5 45 50
1254070428 938105643 27 9 2009 16 54 3 1254172010 938207225 28 9 2009 21 7 5
1254254676 938289891 29 9 2009 20 4 51 1254255501 938290716 29 9 2009 20 18 36
1255337600 939372815 12 10 2009 8 53 35 1255385281 939420496 12 10 2009 22 8 16
1256205475 940240690 22 10 2009 9 58 10 1256206352 940241567 22 10 2009 10 12 47
1257873086 941908301 10 11 2009 17 11 41 1257879723 941914938 10 11 2009 19 2 18
1258214636 942249851 14 11 2009 16 4 11 1258222590 942257805 14 11 2009 18 16 45
1258982216 943017431 23 11 2009 13 17 11 1258983309 943018524 23 11 2009 13 35 24
1259246181 943281396 26 11 2009 14 36 36 1259247125 943282340 26 11 2009 14 52 20
1259561975 943597190 30 11 2009 6 19 50 1259563127 943598342 30 11 2009 6 39 2
1259784889 943820104 2 12 2009 20 15 4 1259852616 943887831 3 12 2009 15 3 51
1261688969 945724184 24 12 2009 21 9 44 1261690271 945725486 24 12 2009 21 31 26
1262012602 946047817 28 12 2009 15 3 37 1262035858 946071073 28 12 2009 21 31 13
1262097508 946132723 29 12 2009 14 38 43 1262098550 946133765 29 12 2009 14 56 5
1262221099 946256314 31 12 2009 0 58 34 1262224824 946260039 31 12 2009 2 0 39
1262433197 946468412 2 1 2010 11 53 32 1262434196 946469411 2 1 2010 12 10 11
1262564388 946599603 4 1 2010 0 20 3 1262565467 946600682 4 1 2010 0 38 2
1262642409 946677624 4 1 2010 22 0 24 1262643609 946678824 4 1 2010 22 20 24
1262787072 946822287 6 1 2010 14 11 27 1262788293 946823508 6 1 2010 14 31 48
1263829209 947864424 18 1 2010 15 40 24 1263830361 947865576 18 1 2010 15 59 36
1263916090 947951305 19 1 2010 15 48 25 1263917767 947952982 19 1 2010 16 16 22
1264543001 948578216 26 1 2010 21 56 56 1264550391 948585606 27 1 2010 0 0 6
1264746250 948781465 29 1 2010 6 24 25 1264747906 948783121 29 1 2010 6 52 1
1264759613 948794828 29 1 2010 10 7 8 1264765253 948800468 29 1 2010 11 41 8
1265152378 949187593 2 2 2010 23 13 13 1265153487 949188702 2 2 2010 23 31 42
1265221285 949256500 3 2 2010 18 21 40 1265226607 949261822 3 2 2010 19 50 22
1265438560 949473775 6 2 2010 6 42 55 1265440277 949475492 6 2 2010 7 11 32
1265489398 949524613 6 2 2010 20 50 13 1265490511 949525726 6 2 2010 21 8 46
1267908285 951943500 6 3 2010 20 45 0 1267909483 951944698 6 3 2010 21 4 58
1268359177 952394392 12 3 2010 1 59 52 1268366428 952401643 12 3 2010 4 0 43
1268955591 952990806 18 3 2010 23 40 6 1268956665 952991880 18 3 2010 23 58 0
1269109061 953144276 20 3 2010 18 17 56 1269110265 953145480 20 3 2010 18 38 0
1269140789 953176004 21 3 2010 3 6 44 1269141672 953176887 21 3 2010 3 21 27
1269598375 953633590 26 3 2010 10 13 10 1269605961 953641176 26 3 2010 12 19 36
1269680351 953715566 27 3 2010 8 59 26 1269684036 953719251 27 3 2010 10 0 51
1269973333 954008548 30 3 2010 18 22 28 1269974633 954009848 30 3 2010 18 44 8
1272013601 956048816 23 4 2010 9 6 56 1272034215 956069430 23 4 2010 14 50 30
1274242776 958277991 19 5 2010 4 19 51 1274243683 958278898 19 5 2010 4 34 58
1274686067 958721282 24 5 2010 7 28 2 1274687003 958722218 24 5 2010 7 43 38
1274836453 958871668 26 5 2010 1 14 28 1274875828 958911043 26 5 2010 12 10 43
1274895807 958931022 26 5 2010 17 43 42 1274897790 958933005 26 5 2010 18 16 45
1276658815 960694030 16 6 2010 3 27 10 1276689620 960724835 16 6 2010 12 0 35
1276897750 960932965 18 6 2010 21 49 25 1276901119 960936334 18 6 2010 22 45 34
1277350168 961385383 24 6 2010 3 29 43 1277351061 961386276 24 6 2010 3 44 36
1277766650 961801865 28 6 2010 23 11 5 1277768226 961803441 28 6 2010 23 37 21
1277780914 961816129 29 6 2010 3 8 49 1277784824 961820039 29 6 2010 4 13 59
1277817961 961853176 29 6 2010 13 26 16 1277820150 961855365 29 6 2010 14 2 45
1278784861 962820076 10 7 2010 18 1 16 1278785970 962821185 10 7 2010 18 19 45
1278952653 962987868 12 7 2010 16 37 48 1278954647 962989862 12 7 2010 17 11 2
1279108221 963143436 14 7 2010 11 50 36 1279109413 963144628 14 7 2010 12 10 28
1279606140 963641355 20 7 2010 6 9 15 1279607198 963642413 20 7 2010 6 26 53
1279823044 963858259 22 7 2010 18 24 19 1279823918 963859133 22 7 2010 18 38 53
1280314371 964349586 28 7 2010 10 53 6 1280318419 964353634 28 7 2010 12 0 34
1280696239 964731454 1 8 2010 20 57 34 1280697756 964732971 1 8 2010 21 22 51
1281450685 965485900 10 8 2010 14 31 40 1281451507 965486722 10 8 2010 14 45 22
1281479155 965514370 10 8 2010 22 26 10 1281480012 965515227 10 8 2010 22 40 27
1282308720 966343935 20 8 2010 12 52 15 1282309530 966344745 20 8 2010 13 5 45
1283238203 967273418 31 8 2010 7 3 38 1283239056 967274271 31 8 2010 7 17 51
1283308569 967343784 1 9 2010 2 36 24 1283309322 967344537 1 9 2010 2 48 57
1283413547 967448762 2 9 2010 7 46 2 1283414366 967449581 2 9 2010 7 59 41
1283429382 967464597 2 9 2010 12 9 57 1283430169 967465384 2 9 2010 12 23 4
1284401249 968436464 13 9 2010 18 7 44 1284402565 968437780 13 9 2010 18 29 40
1284831744 968866959 18 9 2010 17 42 39 1284832736 968867951 18 9 2010 17 59 11
1284949563 968984778 20 9 2010 2 26 18 1284950595 968985810 20 9 2010 2 43 30
1285079615 969114830 21 9 2010 14 33 50 1285080367 969115582 21 9 2010 14 46 22
1285674578 969709793 28 9 2010 11 49 53 1285675461 969710676 28 9 2010 12 4 36
1285970353 970005568 1 10 2010 21 59 28 1285971100 970006315 1 10 2010 22 11 55
1287141004 971176219 15 10 2010 11 10 19 1287141837 971177052 15 10 2010 11 24 12
1287596260 971631475 20 10 2010 17 37 55 1287596916 971632131 20 10 2010 17 48 51
1288379627 972414842 29 10 2010 19 14 2 1288380656 972415871 29 10 2010 19 31 11
1289790045 973825260 15 11 2010 3 1 0 1289790747 973825962 15 11 2010 3 12 42
1289868789 973904004 16 11 2010 0 53 24 1289869441 973904656 16 11 2010 1 4 16
1290257861 974293076 20 11 2010 12 57 56 1290265055 974300270 20 11 2010 14 57 50
1290773467 974808682 26 11 2010 12 11 22 1290813065 974848280 26 11 2010 23 11 20
1291518965 975554180 5 12 2010 3 16 20 1291519836 975555051 5 12 2010 3 30 51
1291582752 975617967 5 12 2010 20 59 27 1291586488 975621703 5 12 2010 22 1 43
1291946666 975981881 10 12 2010 2 4 41 1291947381 975982596 10 12 2010 2 16 36
1292018777 976053992 10 12 2010 22 6 32 1292019466 976054681 10 12 2010 22 18 1
1292090984 976126199 11 12 2010 18 9 59 1292091659 976126874 11 12 2010 18 21 14
1292462852 976498067 16 12 2010 1 27 47 1292463591 976498806 16 12 2010 1 40 6
1292531421 976566636 16 12 2010 20 30 36 1292532190 976567405 16 12 2010 20 43 25
1293025019 977060234 22 12 2010 13 37 14 1293026689 977061904 22 12 2010 14 5 4
1293652757 977687972 29 12 2010 19 59 32 1293660045 977695260 29 12 2010 22 1 0
1294138739 978173954 4 1 2011 10 59 14 1294149601 978184816 4 1 2011 14 0 16
1294174764 978209979 4 1 2011 20 59 39 1294185688 978220903 5 1 2011 0 1 43
1294358379 978393594 6 1 2011 23 59 54 1294365735 978400950 7 1 2011 2 2 30
1295985584 980020799 25 1 2011 19 59 59 1295989194 980024409 25 1 2011 21 0 9
1296168574 980203789 27 1 2011 22 49 49 1296201789 980237004 28 1 2011 8 3 24
1296222101 980257316 28 1 2011 13 41 56 1296231020 980266235 28 1 2011 16 10 35
1296345574 980380789 29 1 2011 23 59 49 1296349347 980384562 30 1 2011 1 2 42
1296881685 980916900 5 2 2011 4 55 0 1296885680 980920895 5 2 2011 6 1 35
1296953972 980989187 6 2 2011 0 59 47 1296957607 980992822 6 2 2011 2 0 22
1297209402 981244617 8 2 2011 23 56 57 1297213359 981248574 9 2 2011 1 2 54
1297280835 981316050 9 2 2011 19 47 30 1297292702 981327917 9 2 2011 23 5 17
1297470103 981505318 12 2 2011 0 21 58 1297470810 981506025 12 2 2011 0 33 45
1297648577 981683792 14 2 2011 1 56 32 1297656057 981691272 14 2 2011 4 1 12
1297886331 981921546 16 2 2011 19 59 6 1297890050 981925265 16 2 2011 21 1 5
1298321919 982357134 21 2 2011 20 58 54 1298329206 982364421 21 2 2011 23 0 21
1298494755 982529970 23 2 2011 20 59 30 1298501990 982537205 23 2 2011 23 0 5
1299124708 983159923 3 3 2011 3 58 43 1299135680 983170895 3 3 2011 7 1 35
1299358689 983393904 5 3 2011 20 58 24 1299362480 983397695 5 3 2011 22 1 35
1299445161 983480376 6 3 2011 20 59 36 1299452593 983487808 6 3 2011 23 3 28
1299493385 983528600 7 3 2011 10 23 20 1299494158 983529373 7 3 2011 10 36 13
1299568702 983603917 8 3 2011 7 18 37 1299577729 983612944 8 3 2011 9 49 4
1299779941 983815156 10 3 2011 17 59 16 1299794867 983830082 10 3 2011 22 8 2
1300054368 984089583 13 3 2011 22 13 3 1300055586 984090801 13 3 2011 22 33 21
1300126886 984162101 14 3 2011 18 21 41 1300128278 984163493 14 3 2011 18 44 53
1300488602 984523817 18 3 2011 22 50 17 1300489360 984524575 18 3 2011 23 2 55
1300988777 985023992 24 3 2011 17 46 32 1301004181 985039396 24 3 2011 22 3 16
1301356400 985391615 28 3 2011 23 53 35 1301357631 985392846 29 3 2011 0 14 6
1301722901 985758116 2 4 2011 5 41 56 1301723631 985758846 2 4 2011 5 54 6
1302008505 986043720 5 4 2011 13 2 0 1302009761 986044976 5 4 2011 13 22 56
1302421467 986456682 10 4 2011 7 44 42 1302436863 986472078 10 4 2011 12 1 18
1302556944 986592159 11 4 2011 21 22 39 1302558908 986594123 11 4 2011 21 55 23
1303859777 987894992 26 4 2011 23 16 32 1303885351 987920566 27 4 2011 6 22 46
1304006357 988041572 28 4 2011 15 59 32 1304020792 988056007 28 4 2011 20 0 7
1305144267 989179482 11 5 2011 20 4 42 1305145724 989180939 11 5 2011 20 28 59
1305259171 989294386 13 5 2011 3 59 46 1305262789 989298004 13 5 2011 5 0 4
1305324901 989360116 13 5 2011 22 15 16 1305326465 989361680 13 5 2011 22 41 20
1305555217 989590432 16 5 2011 14 13 52 1305556566 989591781 16 5 2011 14 36 21
1305831771 989866986 19 5 2011 19 3 6 1305833535 989868750 19 5 2011 19 32 30
1306324220 990359435 25 5 2011 11 50 35 1306325050 990360265 25 5 2011 12 4 25
1307039425 991074640 2 6 2011 18 30 40 1307040531 991075746 2 6 2011 18 49 6
1307454585 991489800 7 6 2011 13 50 0 1307455401 991490616 7 6 2011 14 3 36
1307766770 991801985 11 6 2011 4 33 5 1307767596 991802811 11 6 2011 4 46 51
1308235573 992270788 16 6 2011 14 46 28 1308236625 992271840 16 6 2011 15 4 0
1308943397 992978612 24 6 2011 19 23 32 1308944495 992979710 24 6 2011 19 41 50
1308972973 993008188 25 6 2011 3 36 28 1309003501 993038716 25 6 2011 12 5 16
1309536501 993571716 1 7 2011 16 8 36 1309537328 993572543 1 7 2011 16 22 23
1309639754 993674969 2 7 2011 20 49 29 1309704573 993739788 3 7 2011 14 49 48
1310137740 994172955 8 7 2011 15 9 15 1310138499 994173714 8 7 2011 15 21 54
1310442825 994478040 12 7 2011 3 54 0 1310472293 994507508 12 7 2011 12 5 8
1310592082 994627297 13 7 2011 21 21 37 1310592958 994628173 13 7 2011 21 36 13
1310943539 994978754 17 7 2011 22 59 14 1310947333 994982548 18 7 2011 0 2 28
1311009510 995044725 18 7 2011 17 18 45 1311010271 995045486 18 7 2011 17 31 26
1311106459 995141674 19 7 2011 20 14 34 1311107284 995142499 19 7 2011 20 28 19
1311494543 995529758 24 7 2011 8 2 38 1311508822 995544037 24 7 2011 12 0 37
1311601321 995636536 25 7 2011 13 42 16 1311602059 995637274 25 7 2011 13 54 34
1312059227 996094442 30 7 2011 20 54 2 1312060281 996095496 30 7 2011 21 11 36
1312362291 996397506 3 8 2011 9 5 6 1312363146 996398361 3 8 2011 9 19 21
1312992596 997027811 10 8 2011 16 10 11 1312994225 997029440 10 8 2011 16 37 20
1313186218 997221433 12 8 2011 21 57 13 1313186945 997222160 12 8 2011 22 9 20
1313847253 997882468 20 8 2011 13 34 28 1313848018 997883233 20 8 2011 13 47 13
1314137842 998173057 23 8 2011 22 17 37 1314138584 998173799 23 8 2011 22 29 59
1314199394 998234609 24 8 2011 15 23 29 1314200463 998235678 24 8 2011 15 41 18
1314679171 998714386 30 8 2011 4 39 46 1314679902 998715117 30 8 2011 4 51 57
1314874494 998909709 1 9 2011 10 55 9 1314875280 998910495 1 9 2011 11 8 15
1314886261 998921476 1 9 2011 14 11 16 1314886962 998922177 1 9 2011 14 22 57
1314955930 998991145 2 9 2011 9 32 25 1314956676 998991891 2 9 2011 9 44 51
1315277091 999312306 6 9 2011 2 45 6 1315277878 999313093 6 9 2011 2 58 13
1316669372 1000704587 22 9 2011 5 29 47 1316670426 1000705641 22 9 2011 5 47 21
1316979360 1001014575 25 9 2011 19 36 15 1316980189 1001015404 25 9 2011 19 50 4
1317109644 1001144859 27 9 2011 7 47 39 1317110798 1001146013 27 9 2011 8 6 53
1317387368 1001422583 30 9 2011 12 56 23 1317388108 1001423323 30 9 2011 13 8 43
1317427137 1001462352 30 9 2011 23 59 12 1317473225 1001508440 1 10 2011 12 47 20
1317999419 1002034634 7 10 2011 14 57 14 1318014250 1002049465 7 10 2011 19 4 25
1318475486 1002510701 13 10 2011 3 11 41 1318513066 1002548281 13 10 2011 13 38 1
1318556185 1002591400 14 10 2011 1 36 40 1318556898 1002592113 14 10 2011 1 48 33
1319432311 1003467526 24 10 2011 4 58 46 1319457772 1003492987 24 10 2011 12 3 7
1319595116 1003630331 26 10 2011 2 12 11 1319595829 1003631044 26 10 2011 2 24 4
1319964022 1003999237 30 10 2011 8 40 37 1319964888 1004000103 30 10 2011 8 55 3
1320105576 1004140791 31 10 2011 23 59 51 1320148814 1004184029 1 11 2011 12 0 29
1320235154 1004270369 2 11 2011 11 59 29 1320278434 1004313649 3 11 2011 0 0 49
1320579498 1004614713 6 11 2011 11 38 33 1320580139 1004615354 6 11 2011 11 49 14
1320786776 1004821991 8 11 2011 21 13 11 1320787464 1004822679 8 11 2011 21 24 39
1321387112 1005422327 15 11 2011 19 58 47 1321405510 1005440725 16 11 2011 1 5 25
1322601867 1006637082 29 11 2011 21 24 42 1322607491 1006642706 29 11 2011 22 58 26
1323111581 1007146796 5 12 2011 18 59 56 1323115285 1007150500 5 12 2011 20 1 40
1323453571 1007488786 9 12 2011 17 59 46 1323475259 1007510474 10 12 2011 0 1 14
1324591121 1008626336 22 12 2011 21 58 56 1324594828 1008630043 22 12 2011 23 0 43
1325195825 1009231040 29 12 2011 21 57 20 1325203351 1009238566 30 12 2011 0 2 46
1326397663 1010432878 12 1 2012 19 47 58 1326399034 1010434249 12 1 2012 20 10 49
1326653776 1010688991 15 1 2012 18 56 31 1326657703 1010692918 15 1 2012 20 1 58
1326851915 1010887130 18 1 2012 1 58 50 1326859213 1010894428 18 1 2012 4 0 28
1327251536 1011286751 22 1 2012 16 59 11 1327255217 1011290432 22 1 2012 18 0 32
1327376513 1011411728 24 1 2012 3 42 8 1327377649 1011412864 24 1 2012 4 1 4
1327440665 1011475880 24 1 2012 21 31 20 1327601289 1011636504 26 1 2012 18 8 24
1327701465 1011736680 27 1 2012 21 58 0 1327708797 1011744012 28 1 2012 0 0 12
1328054174 1012089389 31 1 2012 23 56 29 1328097403 1012132618 1 2 2012 11 56 58
1328119183 1012154398 1 2 2012 17 59 58 1328122813 1012158028 1 2 2012 19 0 28
1328183365 1012218580 2 2 2012 11 49 40 1328189643 1012224858 2 2 2012 13 34 18
1328241057 1012276272 3 2 2012 3 51 12 1328242099 1012277314 3 2 2012 4 8 34
1328306363 1012341578 3 2 2012 21 59 38 1328313919 1012349134 4 2 2012 0 5 34
1328403504 1012438719 5 2 2012 0 58 39 1328407250 1012442465 5 2 2012 2 1 5
1328489975 1012525190 6 2 2012 0 59 50 1328508034 1012543249 6 2 2012 6 0 49
1328593072 1012628287 7 2 2012 5 38 7 1328593837 1012629052 7 2 2012 5 50 52
1328609332 1012644547 7 2 2012 10 9 7 1328610435 1012645650 7 2 2012 10 27 30
1328627939 1012663154 7 2 2012 15 19 14 1328629087 1012664302 7 2 2012 15 38 22
1328790144 1012825359 9 2 2012 12 22 39 1328794787 1012830002 9 2 2012 13 40 2
1329065781 1013100996 12 2 2012 16 56 36 1329224422 1013259637 14 2 2012 13 0 37
1329328745 1013363960 15 2 2012 17 59 20 1329361298 1013396513 16 2 2012 3 1 53
1329447523 1013482738 17 2 2012 2 58 58 1329451196 1013486411 17 2 2012 4 0 11
1329526674 1013561889 18 2 2012 0 58 9 1329530408 1013565623 18 2 2012 2 0 23
1329726125 1013761340 20 2 2012 8 22 20 1329727354 1013762569 20 2 2012 8 42 49
1329775100 1013810315 20 2 2012 21 58 35 1329778798 1013814013 20 2 2012 23 0 13
1330221521 1014256736 26 2 2012 1 58 56 1330225231 1014260446 26 2 2012 3 0 46
1330495343 1014530558 29 2 2012 6 2 38 1330496177 1014531392 29 2 2012 6 16 32
1330646231 1014681446 1 3 2012 23 57 26 1330650088 1014685303 2 3 2012 1 1 43
1330964444 1014999659 5 3 2012 16 20 59 1330965345 1015000560 5 3 2012 16 36 0
1331254943 1015290158 9 3 2012 1 2 38 1331295440 1015330655 9 3 2012 12 17 35
1331409483 1015444698 10 3 2012 19 58 18 1331424002 1015459217 11 3 2012 0 0 17
1331846439 1015881654 15 3 2012 21 20 54 1331847329 1015882544 15 3 2012 21 35 44
1332342586 1016377801 21 3 2012 15 10 1 1332343387 1016378602 21 3 2012 15 23 22
1332807869 1016843084 27 3 2012 0 24 44 1332808655 1016843870 27 3 2012 0 37 50
1333310381 1017345596 1 4 2012 19 59 56 1333483425 1017518640 3 4 2012 20 4 0
1333556699 1017591914 4 4 2012 16 25 14 1333561235 1017596450 4 4 2012 17 40 50
1333998078 1018033293 9 4 2012 19 1 33 1334023287 1018058502 10 4 2012 2 1 42
1334053320 1018088535 10 4 2012 10 22 15 1334055191 1018090406 10 4 2012 10 53 26
1334084373 1018119588 10 4 2012 18 59 48 1334158207 1018193422 11 4 2012 15 30 22
1334257090 1018292305 12 4 2012 18 58 25 1334260907 1018296122 12 4 2012 20 2 2
1334339965 1018375180 13 4 2012 17 59 40 1334347248 1018382463 13 4 2012 20 1 3
1334450726 1018485941 15 4 2012 0 45 41 1334451532 1018486747 15 4 2012 0 59 7
1334714270 1018749485 18 4 2012 1 58 5 1334718165 1018753380 18 4 2012 3 3 0
1334967775 1019002990 21 4 2012 0 23 10 1334968632 1019003847 21 4 2012 0 37 27
1335718582 1019753797 29 4 2012 16 56 37 1335722410 1019757625 29 4 2012 18 0 25
1335880727 1019915942 1 5 2012 13 59 2 1335884390 1019919605 1 5 2012 15 0 5
1335934678 1019969893 2 5 2012 4 58 13 1335935368 1019970583 2 5 2012 5 9 43
1336704830 1020740045 11 5 2012 2 54 5 1336705626 1020740841 11 5 2012 3 7 21
1337222816 1021258031 17 5 2012 2 47 11 1337223542 1021258757 17 5 2012 2 59 17
1337544185 1021579400 20 5 2012 20 3 20 1337544924 1021580139 20 5 2012 20 15 39
1339004971 1023040186 6 6 2012 17 49 46 1339005826 1023041041 6 6 2012 18 4 1
1340178883 1024214098 20 6 2012 7 54 58 1340179760 1024214975 20 6 2012 8 9 35
1340279966 1024315181 21 6 2012 11 59 41 1340370671 1024405886 22 6 2012 13 11 26
1340411152 1024446367 23 6 2012 0 26 7 1340411969 1024447184 23 6 2012 0 39 44
1340521101 1024556316 24 6 2012 6 58 36 1340524932 1024560147 24 6 2012 8 2 27
1340603971 1024639186 25 6 2012 5 59 46 1340607621 1024642836 25 6 2012 7 0 36
1341809390 1025844606 9 7 2012 4 50 6 1341810084 1025845300 9 7 2012 5 1 40
1341962480 1025997696 10 7 2012 23 21 36 1341963238 1025998454 10 7 2012 23 34 14
1342228015 1026263231 14 7 2012 1 7 11 1342228741 1026263957 14 7 2012 1 19 17
1342416229 1026451445 16 7 2012 5 24 5 1342429238 1026464454 16 7 2012 9 0 54
1342493980 1026529196 17 7 2012 2 59 56 1342497595 1026532811 17 7 2012 4 0 11
1343005092 1027040308 23 7 2012 0 58 28 1343019638 1027054854 23 7 2012 5 0 54
1343206716 1027241932 25 7 2012 8 58 52 1343210622 1027245838 25 7 2012 10 3 58
1343278771 1027313987 26 7 2012 4 59 47 1343282499 1027317715 26 7 2012 6 1 55
1344041043 1028076259 4 8 2012 0 44 19 1344041860 1028077076 4 8 2012 0 57 56
1344470337 1028505553 8 8 2012 23 59 13 1344810373 1028845589 12 8 2012 22 26 29
1344861151 1028896367 13 8 2012 12 32 47 1344866507 1028901723 13 8 2012 14 2 3
1344882983 1028918199 13 8 2012 18 36 39 1344892629 1028927845 13 8 2012 21 17 25
1344976120 1029011336 14 8 2012 20 28 56 1344979522 1029014738 14 8 2012 21 25 38
1345278455 1029313671 18 8 2012 8 27 51 1345291413 1029326629 18 8 2012 12 3 49
1346077271 1030112487 27 8 2012 14 21 27 1346078012 1030113228 27 8 2012 14 33 48
1346670632 1030705848 3 9 2012 11 10 48 1346671358 1030706574 3 9 2012 11 22 54
1346951972 1030987188 6 9 2012 17 19 48 1346952910 1030988126 6 9 2012 17 35 26
1347083911 1031119127 8 9 2012 5 58 47 1347278422 1031313638 10 9 2012 12 0 38
1347998274 1032033490 18 9 2012 19 58 10 1348002092 1032037308 18 9 2012 21 1 48
1348168946 1032204162 20 9 2012 19 22 42 1348169712 1032204928 20 9 2012 19 35 28
1348370661 1032405877 23 9 2012 3 24 37 1348401749 1032436965 23 9 2012 12 2 45
1348512432 1032547648 24 9 2012 18 47 28 1348573206 1032608422 25 9 2012 11 40 22
1350063969 1034099185 12 10 2012 17 46 25 1350064723 1034099939 12 10 2012 17 58 59
1351466940 1035502156 28 10 2012 23 29 16 1351467927 1035503143 28 10 2012 23 45 43
1351493916 1035529132 29 10 2012 6 58 52 1351497684 1035532900 29 10 2012 8 1 40
1351578776 1035613992 30 10 2012 6 33 12 1351579526 1035614742 30 10 2012 6 45 42
1351597955 1035633171 30 10 2012 11 52 51 1351621106 1035656322 30 10 2012 18 18 42
1351750410 1035785626 1 11 2012 6 13 46 1351779048 1035814264 1 11 2012 14 11 4
1351881858 1035917074 2 11 2012 18 44 34 1351885408 1035920624 2 11 2012 19 43 44
1352136178 1036171394 5 11 2012 17 23 14 1352139340 1036174556 5 11 2012 18 15 56
1352615537 1036650753 11 11 2012 6 32 33 1352616565 1036651781 11 11 2012 6 49 41
1352847344 1036882560 13 11 2012 22 56 0 1352848124 1036883340 13 11 2012 23 9 0
1353068832 1037104048 16 11 2012 12 27 28 1353094072 1037129288 16 11 2012 19 28 8
1354161525 1038196741 29 11 2012 3 59 1 1354216848 1038252064 29 11 2012 19 21 4
1354259130 1038294346 30 11 2012 7 5 46 1354300627 1038335843 30 11 2012 18 37 23
1354386600 1038421816 1 12 2012 18 30 16 1354387949 1038423165 1 12 2012 18 52 45
1354516695 1038551911 3 12 2012 6 38 31 1354552421 1038587637 3 12 2012 16 33 57
1354810663 1038845879 6 12 2012 16 17 59 1354826722 1038861938 6 12 2012 20 45 38
1355215493 1039250709 11 12 2012 8 45 9 1355254664 1039289880 11 12 2012 19 38 0
1355296504 1039331720 12 12 2012 7 15 20 1355341521 1039376737 12 12 2012 19 45 37
1357415968 1041451184 5 1 2013 19 59 44 1357419585 1041454801 5 1 2013 21 0 1
1358042319 1042077535 13 1 2013 1 58 55 1358113993 1042149209 13 1 2013 21 53 29
1358396757 1042431973 17 1 2013 4 26 13 1358397756 1042432972 17 1 2013 4 42 52
1358452738 1042487954 17 1 2013 19 59 14 1358456526 1042491742 17 1 2013 21 2 22
1358502582 1042537798 18 1 2013 9 49 58 1358507362 1042542578 18 1 2013 11 9 38
1358549909 1042585125 18 1 2013 22 58 45 1358594165 1042629381 19 1 2013 11 16 21
1359371927 1043407143 28 1 2013 11 19 3 1359402912 1043438128 28 1 2013 19 55 28
1359571056 1043606272 30 1 2013 18 37 52 1359572265 1043607481 30 1 2013 18 58 1
1360003895 1044039111 4 2 2013 18 51 51 1360062645 1044097861 5 2 2013 11 11 1
1360191500 1044226716 6 2 2013 22 58 36 1360330806 1044366022 8 2 2013 13 40 22
1360443509 1044478725 9 2 2013 20 58 45 1360494601 1044529817 10 2 2013 11 10 17
1360537682 1044572898 10 2 2013 23 8 18 1360581235 1044616451 11 2 2013 11 14 11
1360624111 1044659327 11 2 2013 23 8 47 1360667509 1044702725 12 2 2013 11 12 5
1360710572 1044745788 12 2 2013 23 9 48 1360753823 1044789039 13 2 2013 11 10 39
1360796658 1044831874 13 2 2013 23 4 34 1360840299 1044875515 14 2 2013 11 11 55
1360962766 1044997982 15 2 2013 21 13 2 1360967448 1045002664 15 2 2013 22 31 4
1361189164 1045224380 18 2 2013 12 6 20 1361190006 1045225222 18 2 2013 12 20 22
1361239660 1045274876 19 2 2013 2 7 56 1361240445 1045275661 19 2 2013 2 21 1
1361271636 1045306852 19 2 2013 11 0 52 1361272429 1045307645 19 2 2013 11 14 5
1361617153 1045652369 23 2 2013 10 59 29 1361618019 1045653235 23 2 2013 11 13 55
1362628417 1046663633 7 3 2013 3 53 53 1362629154 1046664370 7 3 2013 4 6 10
1362651947 1046687163 7 3 2013 10 26 3 1362652768 1046687984 7 3 2013 10 39 44
1363172045 1047207261 13 3 2013 10 54 21 1363172938 1047208154 13 3 2013 11 9 14
1363317204 1047352420 15 3 2013 3 13 40 1363348832 1047384048 15 3 2013 12 0 48
1363430842 1047466058 16 3 2013 10 47 38 1363431638 1047466854 16 3 2013 11 0 54
1363447432 1047482648 16 3 2013 15 24 8 1363448197 1047483413 16 3 2013 15 36 53
1363518014 1047553230 17 3 2013 11 0 30 1363518791 1047554007 17 3 2013 11 13 27
1363604209 1047639425 18 3 2013 10 57 5 1363604983 1047640199 18 3 2013 11 9 59
1363776311 1047811527 20 3 2013 10 45 27 1363777664 1047812880 20 3 2013 11 8 0
1365332070 1049367286 7 4 2013 10 54 46 1365332941 1049368157 7 4 2013 11 9 17
1365504314 1049539530 9 4 2013 10 45 30 1365505149 1049540365 9 4 2013 10 59 25
1365591342 1049626558 10 4 2013 10 55 58 1365592122 1049627338 10 4 2013 11 8 58
1365850395 1049885611 13 4 2013 10 53 31 1365851308 1049886524 13 4 2013 11 8 44
1365918542 1049953758 14 4 2013 5 49 18 1365919259 1049954475 14 4 2013 6 1 15
1366109351 1050144567 16 4 2013 10 49 27 1366110541 1050145757 16 4 2013 11 9 17
1366399636 1050434852 19 4 2013 19 27 32 1366400374 1050435590 19 4 2013 19 39 50
1366455275 1050490491 20 4 2013 10 54 51 1366456163 1050491379 20 4 2013 11 9 39
1366955976 1050991192 26 4 2013 5 59 52 1366959639 1050994855 26 4 2013 7 0 55
1366976808 1051012024 26 4 2013 11 47 4 1367006481 1051041697 26 4 2013 20 1 37
1367923744 1051958960 7 5 2013 10 49 20 1367925087 1051960303 7 5 2013 11 11 43
1368321473 1052356689 12 5 2013 1 18 9 1368360008 1052395224 12 5 2013 12 0 24
1368726276 1052761492 16 5 2013 17 44 52 1368727212 1052762428 16 5 2013 18 0 28
1368755983 1052791199 17 5 2013 1 59 59 1368759710 1052794926 17 5 2013 3 2 6
1368787612 1052822828 17 5 2013 10 47 8 1368788976 1052824192 17 5 2013 11 9 52
1368874456 1052909672 18 5 2013 10 54 32 1368875265 1052910481 18 5 2013 11 8 1
1369046841 1053082057 20 5 2013 10 47 37 1369048220 1053083436 20 5 2013 11 10 36
1369405918 1053441134 24 5 2013 14 32 14 1369407676 1053442892 24 5 2013 15 1 32
1369424648 1053459864 24 5 2013 19 44 24 1369425528 1053460744 24 5 2013 19 59 4
1369676211 1053711427 27 5 2013 17 37 7 1369676946 1053712162 27 5 2013 17 49 22
1369688091 1053723307 27 5 2013 20 55 7 1369688862 1053724078 27 5 2013 21 7 58
1370047933 1054083149 1 6 2013 0 52 29 1370048723 1054083939 1 6 2013 1 5 39
1370602478 1054637694 7 6 2013 10 54 54 1370603321 1054638537 7 6 2013 11 8 57
1370639808 1054675024 7 6 2013 21 17 4 1370640566 1054675782 7 6 2013 21 29 42
1370688542 1054723758 8 6 2013 10 49 18 1370705073 1054740289 8 6 2013 15 24 49
1370775289 1054810505 9 6 2013 10 55 5 1370776120 1054811336 9 6 2013 11 8 56
1370861274 1054896490 10 6 2013 10 48 10 1370862057 1054897273 10 6 2013 11 1 13
1370947624 1054982840 11 6 2013 10 47 20 1370948992 1054984208 11 6 2013 11 10 8
1371034545 1055069761 12 6 2013 10 56 1 1371035279 1055070495 12 6 2013 11 8 15
1371120209 1055155425 13 6 2013 10 43 45 1371121917 1055157133 13 6 2013 11 12 13
1371294020 1055329236 15 6 2013 11 0 36 1371294868 1055330084 15 6 2013 11 14 44
1371553231 1055588447 18 6 2013 11 0 47 1371554069 1055589285 18 6 2013 11 14 45
1371671274 1055706490 19 6 2013 19 48 10 1371679184 1055714400 19 6 2013 22 0 0
1371743984 1055779200 20 6 2013 16 0 0 1371758384 1055793600 20 6 2013 20 0 0
1372068490 1056103706 24 6 2013 10 8 26 1372072952 1056108168 24 6 2013 11 22 48
1373107453 1057142669 6 7 2013 10 44 29 1373108941 1057144157 6 7 2013 11 9 17
1373280491 1057315707 8 7 2013 10 48 27 1373281867 1057317083 8 7 2013 11 11 23
1373366862 1057402078 9 7 2013 10 47 58 1373368151 1057403367 9 7 2013 11 9 27
1373453175 1057488391 10 7 2013 10 46 31 1373454664 1057489880 10 7 2013 11 11 20
1373497181 1057532397 10 7 2013 22 59 57 1373500828 1057536044 11 7 2013 0 0 44
1373885997 1057921213 15 7 2013 11 0 13 1373886956 1057922172 15 7 2013 11 16 12
1373900747 1057935963 15 7 2013 15 6 3 1373902377 1057937593 15 7 2013 15 33 13
1373972379 1058007595 16 7 2013 10 59 55 1373973218 1058008434 16 7 2013 11 13 54
1374058862 1058094078 17 7 2013 11 1 18 1374059636 1058094852 17 7 2013 11 14 12
1374125748 1058160964 18 7 2013 5 36 4 1374126540 1058161756 18 7 2013 5 49 16
1374144344 1058179560 18 7 2013 10 46 0 1374146088 1058181304 18 7 2013 11 15 4
1374222268 1058257484 19 7 2013 8 24 44 1374232447 1058267663 19 7 2013 11 14 23
1375287879 1059323095 31 7 2013 16 24 55 1375288726 1059323942 31 7 2013 16 39 2
1375354824 1059390040 1 8 2013 11 0 40 1375355564 1059390780 1 8 2013 11 13 0
1375398456 1059433672 1 8 2013 23 7 52 1375410855 1059446071 2 8 2013 2 34 31
1375441068 1059476284 2 8 2013 10 58 4 1375441887 1059477103 2 8 2013 11 11 43
1375527440 1059562656 3 8 2013 10 57 36 1375528377 1059563593 3 8 2013 11 13 13
1375700140 1059735356 5 8 2013 10 55 56 1375701155 1059736371 5 8 2013 11 12 51
1375873039 1059908255 7 8 2013 10 57 35 1375874003 1059909219 7 8 2013 11 13 39
1375959615 1059994831 8 8 2013 11 0 31 1375960341 1059995557 8 8 2013 11 12 37
1376046015 1060081231 9 8 2013 11 0 31 1376046769 1060081985 9 8 2013 11 13 5
1376132119 1060167335 10 8 2013 10 55 35 1376133395 1060168611 10 8 2013 11 16 51
1376218909 1060254125 11 8 2013 11 2 5 1376219812 1060255028 11 8 2013 11 17 8
1376305103 1060340319 12 8 2013 10 58 39 1376305933 1060341149 12 8 2013 11 12 29
1376341779 1060376995 12 8 2013 21 9 55 1376347538 1060382754 12 8 2013 22 45 54
1376391285 1060426501 13 8 2013 10 55 1 1376403342 1060438558 13 8 2013 14 15 58
1376503005 1060538221 14 8 2013 17 57 1 1376506866 1060542082 14 8 2013 19 1 22
1376564209 1060599425 15 8 2013 10 57 5 1376564965 1060600181 15 8 2013 11 9 41
1376588886 1060624102 15 8 2013 17 48 22 1376593159 1060628375 15 8 2013 18 59 35
1376650840 1060686056 16 8 2013 11 0 56 1376651490 1060686706 16 8 2013 11 11 46
1376909821 1060945037 19 8 2013 10 57 17 1376910691 1060945907 19 8 2013 11 11 47
1377197041 1061232257 22 8 2013 18 44 17 1377202450 1061237666 22 8 2013 20 14 26
1377254838 1061290054 23 8 2013 10 47 34 1377255577 1061290793 23 8 2013 10 59 53
1377302542 1061337758 24 8 2013 0 2 38 1377561443 1061596659 26 8 2013 23 57 39
1377689760 1061724976 28 8 2013 11 36 16 1377700212 1061735428 28 8 2013 14 30 28
1377782880 1061818096 29 8 2013 13 28 16 1377793156 1061828372 29 8 2013 16 19 32
1377804348 1061839564 29 8 2013 19 26 4 1377805254 1061840470 29 8 2013 19 41 10
1377864017 1061899233 30 8 2013 12 0 33 1377867328 1061902544 30 8 2013 12 55 44
1377887034 1061922250 30 8 2013 18 24 10 1377888033 1061923249 30 8 2013 18 40 49
1377906980 1061942196 30 8 2013 23 56 36 1377910880 1061946096 31 8 2013 1 1 36
1378030612 1062065828 1 9 2013 10 17 8 1378031353 1062066569 1 9 2013 10 29 29
1378123289 1062158505 2 9 2013 12 1 45 1378127339 1062162555 2 9 2013 13 9 15
1378319405 1062354621 4 9 2013 18 30 21 1378322347 1062357563 4 9 2013 19 19 23
1378389454 1062424670 5 9 2013 13 57 50 1378405297 1062440513 5 9 2013 18 21 53
1379040624 1063075840 13 9 2013 2 50 40 1379041446 1063076662 13 9 2013 3 4 22
1379424578 1063459794 17 9 2013 13 29 54 1379426989 1063462205 17 9 2013 14 10 5
1379517132 1063552348 18 9 2013 15 12 28 1379555619 1063590835 19 9 2013 1 53 55
1379929796 1063965012 23 9 2013 9 50 12 1379930529 1063965745 23 9 2013 10 2 25
1380248293 1064283509 27 9 2013 2 18 29 1380248977 1064284193 27 9 2013 2 29 53
1380607760 1064642976 1 10 2013 6 9 36 1380629878 1064665094 1 10 2013 12 18 14
1380733537 1064768753 2 10 2013 17 5 53 1380750676 1064785892 2 10 2013 21 51 32
1380857684 1064892900 4 10 2013 3 35 0 1380858647 1064893863 4 10 2013 3 51 3
1380987330 1065022546 5 10 2013 15 35 46 1380988421 1065023637 5 10 2013 15 53 57
1381117014 1065152230 7 10 2013 3 37 10 1381117769 1065152985 7 10 2013 3 49 45
1381202853 1065238069 8 10 2013 3 27 49 1381204026 1065239242 8 10 2013 3 47 22
1381262356 1065297572 8 10 2013 19 59 32 1381266117 1065301333 8 10 2013 21 2 13
1381332572 1065367788 9 10 2013 15 29 48 1381333266 1065368482 9 10 2013 15 41 22
1381575924 1065611140 12 10 2013 11 5 40 1381766733 1065801949 14 10 2013 16 5 49
1381780689 1065815905 14 10 2013 19 58 25 1381936381 1065971597 16 10 2013 15 13 17
1381962828 1065998044 16 10 2013 22 34 4 1382010185 1066045401 17 10 2013 11 43 21
1382295147 1066330363 20 10 2013 18 52 43 1382295845 1066331061 20 10 2013 19 4 21
1382379864 1066415080 21 10 2013 18 24 40 1382380746 1066415962 21 10 2013 18 39 22
1382663029 1066698245 25 10 2013 1 4 5 1382663795 1066699011 25 10 2013 1 16 51
1382759035 1066794251 26 10 2013 3 44 11 1382759704 1066794920 26 10 2013 3 55 20
1382888569 1066923785 27 10 2013 15 43 5 1382889273 1066924489 27 10 2013 15 54 49
1383017790 1067053006 29 10 2013 3 36 46 1383018800 1067054016 29 10 2013 3 53 36
1383124681 1067159897 30 10 2013 9 18 17 1383148785 1067184001 30 10 2013 16 0 1
1383160828 1067196044 30 10 2013 19 20 44 1383161857 1067197073 30 10 2013 19 37 53
1383209221 1067244437 31 10 2013 8 47 17 1383255121 1067290337 31 10 2013 21 32 17
1383314408 1067349624 1 11 2013 14 0 24 1383316171 1067351387 1 11 2013 14 29 47
1383998299 1068033515 9 11 2013 11 58 35 1384005622 1068040838 9 11 2013 14 0 38
1384023520 1068058736 9 11 2013 18 58 56 1384027264 1068062480 9 11 2013 20 1 20
1385038712 1069073928 21 11 2013 12 58 48 1385042387 1069077603 21 11 2013 14 0 3
1385067549 1069102765 21 11 2013 20 59 25 1385078467 1069113683 22 11 2013 0 1 23
1385488703 1069523919 26 11 2013 17 58 39 1385492392 1069527608 26 11 2013 19 0 8
1385510310 1069545526 26 11 2013 23 58 46 1385514049 1069549265 27 11 2013 1 1 5
1385757609 1069792825 29 11 2013 20 40 25 1385785068 1069820284 30 11 2013 4 18 4
1386374316 1070409532 6 12 2013 23 58 52 1386417650 1070452866 7 12 2013 12 1 6
1386489517 1070524733 8 12 2013 7 58 53 1386496802 1070532018 8 12 2013 10 0 18
1386518114 1070553330 8 12 2013 15 55 30 1386522060 1070557276 8 12 2013 17 1 16
1386795570 1070830786 11 12 2013 20 59 46 1386799222 1070834438 11 12 2013 22 0 38
1386961180 1070996396 13 12 2013 18 59 56 1386970423 1071005639 13 12 2013 21 33 59
1386989758 1071024974 14 12 2013 2 56 14 1386993637 1071028853 14 12 2013 4 0 53
1387130362 1071165578 15 12 2013 17 59 38 1387148413 1071183629 15 12 2013 23 0 29
1387227490 1071262706 16 12 2013 20 58 26 1387231216 1071266432 16 12 2013 22 0 32
1387387928 1071423144 18 12 2013 17 32 24 1387400403 1071435619 18 12 2013 21 0 19
1387472323 1071507539 19 12 2013 16 58 59 1387490428 1071525644 19 12 2013 22 0 44
1387573075 1071608291 20 12 2013 20 58 11 1387585189 1071620405 21 12 2013 0 20 5
1387655922 1071691138 21 12 2013 19 58 58 1387663361 1071698577 21 12 2013 22 2 57
1387749518 1071784734 22 12 2013 21 58 54 1387760427 1071795643 23 12 2013 1 0 43
1387821320 1071856536 23 12 2013 17 55 36 1387843235 1071878451 24 12 2013 0 0 51
1388023145 1072058361 26 12 2013 1 59 21 1388030499 1072065715 26 12 2013 4 1 55
1388216923 1072252139 28 12 2013 7 48 59 1388250601 1072285817 28 12 2013 17 10 17
1388447844 1072483060 30 12 2013 23 57 40 1388491221 1072526437 31 12 2013 12 0 37
1388730677 1072765893 3 1 2014 6 31 33 1388731479 1072766695 3 1 2014 6 44 55
1388793575 1072828791 3 1 2014 23 59 51 1388797213 1072832429 4 1 2014 1 0 29
1388880107 1072915323 5 1 2014 0 2 3 1388966224 1073001440 5 1 2014 23 57 20
1389767899 1073803115 15 1 2014 6 38 35 1389768862 1073804078 15 1 2014 6 54 38
1389887535 1073922751 16 1 2014 15 52 31 1389888430 1073923646 16 1 2014 16 7 26
1389912061 1073947277 16 1 2014 22 41 17 1389912756 1073947972 16 1 2014 22 52 52
1390082374 1074117590 18 1 2014 21 59 50 1390086109 1074121325 18 1 2014 23 2 5
1390165145 1074200361 19 1 2014 20 59 21 1390176062 1074211278 20 1 2014 0 1 18
1390255183 1074290399 20 1 2014 21 59 59 1390258796 1074294012 20 1 2014 23 0 12
1390366728 1074401944 22 1 2014 4 59 4 1390370391 1074405607 22 1 2014 6 0 7
1390471566 1074506782 23 1 2014 10 6 22 1390476768 1074511984 23 1 2014 11 33 4
1390505536 1074540752 23 1 2014 19 32 32 1390564812 1074600028 24 1 2014 12 0 28
1390845571 1074880787 27 1 2014 17 59 47 1390851301 1074886517 27 1 2014 19 35 17
1390943182 1074978398 28 1 2014 21 6 38 1390950063 1074985279 28 1 2014 23 1 19
1392058512 1076093728 10 2 2014 18 55 28 1392076790 1076112006 11 2 2014 0 0 6
1392246878 1076282094 12 2 2014 23 14 54 1392247940 1076283156 12 2 2014 23 32 36
1392836331 1076871547 19 2 2014 18 59 7 1392851342 1076886558 19 2 2014 23 9 18
1392904410 1076939626 20 2 2014 13 53 46 1392905403 1076940619 20 2 2014 14 10 19
1392951524 1076986740 21 2 2014 2 59 0 1392962402 1076997618 21 2 2014 6 0 18
1393029103 1077064319 22 2 2014 0 31 59 1393034466 1077069682 22 2 2014 2 1 22
1393232340 1077267556 24 2 2014 8 59 16 1393243197 1077278413 24 2 2014 12 0 13
1393406366 1077441582 26 2 2014 9 19 42 1393407171 1077442387 26 2 2014 9 33 7
1393615757 1077650973 28 2 2014 19 29 33 1393646511 1077681727 1 3 2014 4 2 7
1393671549 1077706765 1 3 2014 10 59 25 1393675204 1077710420 1 3 2014 12 0 20
1393707503 1077742719 1 3 2014 20 58 39 1393711349 1077746565 1 3 2014 22 2 45
1393730861 1077766077 2 3 2014 3 27 57 1393731733 1077766949 2 3 2014 3 42 29
1393911827 1077947043 4 3 2014 5 44 3 1393912642 1077947858 4 3 2014 5 57 38
1393985291 1078020507 5 3 2014 2 8 27 1393986017 1078021233 5 3 2014 2 20 33
1394214162 1078249378 7 3 2014 17 42 58 1394215284 1078250500 7 3 2014 18 1 40
1394651813 1078687029 12 3 2014 19 17 9 1394653208 1078688424 12 3 2014 19 40 24
1394888144 1078923360 15 3 2014 12 56 0 1394892001 1078927217 15 3 2014 14 0 17
1395135487 1079170703 18 3 2014 9 38 23 1395136215 1079171431 18 3 2014 9 50 31
1395894315 1079929531 27 3 2014 4 25 31 1395895020 1079930236 27 3 2014 4 37 16
1396115937 1080151153 29 3 2014 17 59 13 1396119668 1080154884 29 3 2014 19 1 24
1396238268 1080273484 31 3 2014 3 58 4 1396242018 1080277234 31 3 2014 5 0 34
1396331939 1080367155 1 4 2014 5 59 15 1396333118 1080368334 1 4 2014 6 18 54
1396508264 1080543480 3 4 2014 6 58 0 1396512022 1080547238 3 4 2014 8 0 38
1396807165 1080842381 6 4 2014 17 59 41 1396832490 1080867706 7 4 2014 1 1 46
1396960276 1080995492 8 4 2014 12 31 32 1396985403 1081020619 8 4 2014 19 30 19
1397053817 1081089033 9 4 2014 14 30 33 1397055397 1081090613 9 4 2014 14 56 53
1397572656 1081607872 15 4 2014 14 37 52 1397666961 1081702177 16 4 2014 16 49 37
1397932733 1081967949 19 4 2014 18 39 9 1397934382 1081969598 19 4 2014 19 6 38
1398206987 1082242203 22 4 2014 22 50 3 1398253508 1082288724 23 4 2014 11 45 24
1398268117 1082303333 23 4 2014 15 48 53 1398269383 1082304599 23 4 2014 16 9 59
1398397369 1082432585 25 4 2014 3 43 5 1398406443 1082441659 25 4 2014 6 14 19
1398853049 1082888265 30 4 2014 10 17 45 1398856316 1082891532 30 4 2014 11 12 12
1398985172 1083020388 1 5 2014 22 59 48 1398988940 1083024156 2 5 2014 0 2 36
1399101613 1083136829 3 5 2014 7 20 29 1399103708 1083138924 3 5 2014 7 55 24
1399312712 1083347928 5 5 2014 17 58 48 1399316422 1083351638 5 5 2014 19 0 38
1399360727 1083395943 6 5 2014 7 19 3 1399364746 1083399962 6 5 2014 8 26 2
1399493701 1083528917 7 5 2014 20 15 17 1399494778 1083529994 7 5 2014 20 33 14
1399651814 1083687030 9 5 2014 16 10 30 1399652549 1083687765 9 5 2014 16 22 45
1399759069 1083794285 10 5 2014 21 58 5 1399766420 1083801636 11 5 2014 0 0 36
1400224728 1084259944 16 5 2014 7 19 4 1400246169 1084281385 16 5 2014 13 16 25
1400332072 1084367288 17 5 2014 13 8 8 1400332979 1084368195 17 5 2014 13 23 15
1400899394 1084934610 24 5 2014 2 43 30 1400900073 1084935289 24 5 2014 2 54 49
1401182165 1085217381 27 5 2014 9 16 21 1401183319 1085218535 27 5 2014 9 35 35
1401278223 1085313439 28 5 2014 11 57 19 1401282039 1085317255 28 5 2014 13 0 55
1402307898 1086343114 9 6 2014 9 58 34 1402308549 1086343765 9 6 2014 10 9 25
1402534688 1086569904 12 6 2014 0 58 24 1402538385 1086573601 12 6 2014 2 0 1
1402668662 1086703878 13 6 2014 14 11 18 1402671178 1086706394 13 6 2014 14 53 14
1402855763 1086890979 15 6 2014 18 9 39 1402856407 1086891623 15 6 2014 18 20 23
1402891131 1086926347 16 6 2014 3 59 7 1402894824 1086930040 16 6 2014 5 0 40
1403241170 1087276386 20 6 2014 5 13 6 1403241922 1087277138 20 6 2014 5 25 38
1403801605 1087836821 26 6 2014 16 53 41 1403802579 1087837795 26 6 2014 17 9 55
1404100641 1088135857 30 6 2014 3 57 37 1404101382 1088136598 30 6 2014 4 9 58
1404277690 1088312906 2 7 2014 5 8 26 1404278413 1088313629 2 7 2014 5 20 29
1404534214 1088569430 5 7 2014 4 23 50 1404541453 1088576669 5 7 2014 6 24 29
1405443526 1089478742 15 7 2014 16 59 2 1405447187 1089482403 15 7 2014 18 0 3
1405586292 1089621508 17 7 2014 8 38 28 1405587001 1089622217 17 7 2014 8 50 17
1405612643 1089647859 17 7 2014 15 57 39 1405613309 1089648525 17 7 2014 16 8 45
1406077427 1090112643 23 7 2014 1 4 3 1406078170 1090113386 23 7 2014 1 16 26
1406181531 1090216747 24 7 2014 5 59 7 1406185198 1090220414 24 7 2014 7 0 14
1406353259 1090388475 26 7 2014 5 41 15 1406354092 1090389308 26 7 2014 5 55 8
1406526480 1090561696 28 7 2014 5 48 16 1406527293 1090562509 28 7 2014 6 1 49
1406656679 1090691895 29 7 2014 17 58 15 1406657366 1090692582 29 7 2014 18 9 42
1407049129 1091084345 3 8 2014 6 59 5 1407052834 1091088050 3 8 2014 8 0 50
1407694197 1091729413 10 8 2014 18 10 13 1407694885 1091730101 10 8 2014 18 21 41
1408777153 1092812369 23 8 2014 6 59 29 1408788098 1092823314 23 8 2014 10 1 54
1408826415 1092861631 23 8 2014 20 40 31 1408838693 1092873909 24 8 2014 0 5 9
1409338545 1093373761 29 8 2014 18 56 1 1409339216 1093374432 29 8 2014 19 7 12
1409459842 1093495058 31 8 2014 4 37 38 1409460569 1093495785 31 8 2014 4 49 45
1409609875 1093645091 1 9 2014 22 18 11 1409610589 1093645805 1 9 2014 22 30 5
1409860693 1093895909 4 9 2014 19 58 29 1409867479 1093902695 4 9 2014 21 51 35
1409885902 1093921118 5 9 2014 2 58 38 1409889608 1093924824 5 9 2014 4 0 24
1410078378 1094113594 7 9 2014 8 26 34 1410079037 1094114253 7 9 2014 8 37 33
1410328703 1094363919 10 9 2014 5 58 39 1410332483 1094367699 10 9 2014 7 1 39
1410446321 1094481537 11 9 2014 14 38 57 1410447177 1094482393 11 9 2014 14 53 13
1410752914 1094788130 15 9 2014 3 48 50 1410753737 1094788953 15 9 2014 4 2 33
1410978683 1095013899 17 9 2014 18 31 39 1410983998 1095019214 17 9 2014 20 0 14
1411062176 1095097392 18 9 2014 17 43 12 1411066921 1095102137 18 9 2014 19 2 17
1411086272 1095121488 19 9 2014 0 24 48 1411087010 1095122226 19 9 2014 0 37 6
1411454855 1095490071 23 9 2014 6 47 51 1411459273 1095494489 23 9 2014 8 1 29
1411916080 1095951296 28 9 2014 14 54 56 1411916724 1095951940 28 9 2014 15 5 40
1412058882 1096094098 30 9 2014 6 34 58 1412059564 1096094780 30 9 2014 6 46 20
1412091559 1096126775 30 9 2014 15 39 35 1412093581 1096128797 30 9 2014 16 13 17
1412115120 1096150336 30 9 2014 22 12 16 1412115880 1096151096 30 9 2014 22 24 56
1413190370 1097225586 13 10 2014 8 53 6 1413191781 1097226997 13 10 2014 9 16 37
1413737976 1097773192 19 10 2014 16 59 52 1413741602 1097776818 19 10 2014 18 0 18
1414313089 1098348305 26 10 2014 8 45 5 1414313845 1098349061 26 10 2014 8 57 41
1414351770 1098386986 26 10 2014 19 29 46 1414352478 1098387694 26 10 2014 19 41 34
1414493425 1098528641 28 10 2014 10 50 41 1414494057 1098529273 28 10 2014 11 1 13
1414887492 1098922708 2 11 2014 0 18 28 1414888135 1098923351 2 11 2014 0 29 11
1414915535 1098950751 2 11 2014 8 5 51 1414920724 1098955940 2 11 2014 9 32 20
1415254407 1099289623 6 11 2014 6 13 43 1415255038 1099290254 6 11 2014 6 24 14
1415463672 1099498888 8 11 2014 16 21 28 1415464515 1099499731 8 11 2014 16 35 31
1415555868 1099591084 9 11 2014 17 58 4 1415559623 1099594839 9 11 2014 19 0 39
1415730458 1099765674 11 11 2014 18 27 54 1415731271 1099766487 11 11 2014 18 41 27
1415822343 1099857559 12 11 2014 19 59 19 1415844160 1099879376 13 11 2014 2 2 56
1416281001 1100316217 18 11 2014 3 23 37 1416289292 1100324508 18 11 2014 5 41 48
1416318803 1100354019 18 11 2014 13 53 39 1416320514 1100355730 18 11 2014 14 22 10
1416502771 1100537987 20 11 2014 16 59 47 1416506391 1100541607 20 11 2014 18 0 7
1416524355 1100559571 20 11 2014 22 59 31 1416535244 1100570460 21 11 2014 2 1 0
1416945541 1100980757 25 11 2014 19 59 17 1416956396 1100991612 25 11 2014 23 0 12
1417059474 1101094690 27 11 2014 3 38 10 1417060507 1101095723 27 11 2014 3 55 23
1417712374 1101747590 4 12 2014 16 59 50 1417716041 1101751257 4 12 2014 18 0 57
1417996718 1102031934 7 12 2014 23 58 54 1418040253 1102075469 8 12 2014 12 4 29
1418169581 1102204797 9 12 2014 23 59 57 1418173228 1102208444 10 12 2014 1 0 44
1418210798 1102246014 10 12 2014 11 26 54 1418211755 1102246971 10 12 2014 11 42 51
1418325927 1102361143 11 12 2014 19 25 43 1418331615 1102366831 11 12 2014 21 0 31
1418407027 1102442243 12 12 2014 17 57 23 1418425216 1102460432 12 12 2014 23 0 32
1418448294 1102483510 13 12 2014 5 25 10 1418448979 1102484195 13 12 2014 5 36 35
1418520903 1102556119 14 12 2014 1 35 19 1418521555 1102556771 14 12 2014 1 46 11
1418569129 1102604345 14 12 2014 14 59 5 1418576459 1102611675 14 12 2014 17 1 15
1418623076 1102658292 15 12 2014 5 58 12 1418626807 1102662023 15 12 2014 7 0 23
1418659164 1102694380 15 12 2014 15 59 40 1418677204 1102712420 15 12 2014 21 0 20
1418705919 1102741135 16 12 2014 4 58 55 1418716992 1102752208 16 12 2014 8 3 28
1418741963 1102777179 16 12 2014 14 59 39 1418760258 1102795474 16 12 2014 20 4 34
1418835502 1102870718 17 12 2014 16 58 38 1418839296 1102874512 17 12 2014 18 1 52
1418915929 1102951145 18 12 2014 15 19 5 1418920434 1102955650 18 12 2014 16 34 10
1419094660 1103129876 20 12 2014 16 57 56 1419098391 1103133607 20 12 2014 18 0 7
1419402052 1103437268 24 12 2014 6 21 8 1419402965 1103438181 24 12 2014 6 36 21
1419703197 1103738413 27 12 2014 18 0 13 1419717587 1103752803 27 12 2014 22 0 3
1419803861 1103839077 28 12 2014 21 57 57 1419811278 1103846494 29 12 2014 0 1 34
1419976757 1104011973 30 12 2014 21 59 33 1419991239 1104026455 31 12 2014 2 0 55
1420246573 1104281789 3 1 2015 0 56 29 1420247427 1104282643 3 1 2015 1 10 43
1421088673 1105123889 12 1 2015 18 51 29 1421096585 1105131801 12 1 2015 21 3 21
1421197486 1105232702 14 1 2015 1 5 2 1421207471 1105242687 14 1 2015 3 51 27
1421240085 1105275301 14 1 2015 12 55 1 1421250565 1105285781 14 1 2015 15 49 41
1421297657 1105332873 15 1 2015 4 54 33 1421307202 1105342418 15 1 2015 7 33 38
1421336227 1105371443 15 1 2015 15 37 23 1421337029 1105372245 15 1 2015 15 50 45
1421452784 1105488000 17 1 2015 0 0 0 1423969195 1108004411 15 2 2015 3 0 11
1424048279 1108083495 16 2 2015 0 58 15 1424052060 1108087276 16 2 2015 2 1 16
1424134540 1108169756 17 2 2015 0 55 56 1424145601 1108180817 17 2 2015 4 0 17
1424433618 1108468834 20 2 2015 12 0 34 1424434431 1108469647 20 2 2015 12 14 7
1424489684 1108524900 21 2 2015 3 35 0 1424490608 1108525824 21 2 2015 3 50 24
1424802981 1108838197 24 2 2015 18 36 37 1424815231 1108850447 24 2 2015 22 0 47
1424826863 1108862079 25 2 2015 1 14 39 1424827736 1108862952 25 2 2015 1 29 12
1424901345 1108936561 25 2 2015 21 56 1 1424902176 1108937392 25 2 2015 22 9 52
1425318258 1109353474 2 3 2015 17 44 34 1425340800 1109376016 3 3 2015 0 0 16
1425367189 1109402405 3 3 2015 7 20 5 1425368873 1109404089 3 3 2015 7 48 9
1425403419 1109438635 3 3 2015 17 23 55 1425404775 1109439991 3 3 2015 17 46 31
1425430650 1109465866 4 3 2015 0 57 46 1426074456 1110109672 11 3 2015 11 47 52
1426183098 1110218314 12 3 2015 17 58 34 1426214492 1110249708 13 3 2015 2 41 48
1426294125 1110329341 14 3 2015 0 49 1 1426294891 1110330107 14 3 2015 1 1 47
1426380877 1110416093 15 3 2015 0 54 53 1426381906 1110417122 15 3 2015 1 12 2
1426510652 1110545868 16 3 2015 12 57 48 1426511481 1110546697 16 3 2015 13 11 37
1426543962 1110579178 16 3 2015 22 12 58 1426544931 1110580147 16 3 2015 22 29 7
1426597197 1110632413 17 3 2015 13 0 13 1426597952 1110633168 17 3 2015 13 12 48
1426615216 1110650432 17 3 2015 18 0 32 1426616088 1110651304 17 3 2015 18 15 4
1426640276 1110675492 18 3 2015 0 58 12 1426652101 1110687317 18 3 2015 4 15 17
1426692370 1110727586 18 3 2015 15 26 26 1426693839 1110729055 18 3 2015 15 50 55
1426708541 1110743757 18 3 2015 19 55 57 1426710759 1110745975 18 3 2015 20 32 55
1426726588 1110761804 19 3 2015 0 56 44 1426727575 1110762791 19 3 2015 1 13 11
1426802337 1110837553 19 3 2015 21 59 13 1426877079 1110912295 20 3 2015 18 44 55
1426908611 1110943827 21 3 2015 3 30 27 1426909815 1110945031 21 3 2015 3 50 31
1426942021 1110977237 21 3 2015 12 47 17 1426943605 1110978821 21 3 2015 13 13 41
1427025589 1111060805 22 3 2015 12 0 5 1427159402 1111194618 24 3 2015 1 10 18
1427201981 1111237197 24 3 2015 12 59 57 1427212245 1111247461 24 3 2015 15 51 1
1427245154 1111280370 25 3 2015 0 59 30 1427255473 1111290689 25 3 2015 3 51 29
1427287957 1111323173 25 3 2015 12 52 53 1427298575 1111333791 25 3 2015 15 49 51
1427395437 1111430653 26 3 2015 18 44 13 1427396574 1111431790 26 3 2015 19 3 10
1427540296 1111575512 28 3 2015 10 58 32 1427544011 1111579227 28 3 2015 12 0 27
1428112210 1112147426 4 4 2015 1 50 26 1428112995 1112148211 4 4 2015 2 3 31
1428248401 1112283617 5 4 2015 15 40 17 1428249144 1112284360 5 4 2015 15 52 40
1429292390 1113327606 17 4 2015 17 40 6 1429300178 1113335394 17 4 2015 19 49 54
1430332424 1114367640 29 4 2015 18 34 0 1430420789 1114456005 30 4 2015 19 6 45
1430709055 1114744271 4 5 2015 3 11 11 1430709928 1114745144 4 5 2015 3 25 44
1431590669 1115625885 14 5 2015 8 4 45 1431591389 1115626605 14 5 2015 8 16 45
1432039421 1116074637 19 5 2015 12 43 57 1432041797 1116077013 19 5 2015 13 23 33
1432513691 1116548907 25 5 2015 0 28 27 1432514359 1116549575 25 5 2015 0 39 35
1433428957 1117464173 4 6 2015 14 42 53 1433430097 1117465313 4 6 2015 15 1 53
1433912823 1117948039 10 6 2015 5 7 19 1433913646 1117948862 10 6 2015 5 21 2
1434176154 1118211370 13 6 2015 6 16 10 1434378886 1118414102 15 6 2015 14 35 2
1434410193 1118445409 15 6 2015 23 16 49 1434411779 1118446995 15 6 2015 23 43 15
1434486065 1118521281 16 6 2015 20 21 21 1434487059 1118522275 16 6 2015 20 37 55
1434585540 1118620756 17 6 2015 23 59 16 1434628825 1118664041 18 6 2015 12 0 41
1436349583 1120384799 8 7 2015 9 59 59 1436353253 1120388469 8 7 2015 11 1 9
1436410772 1120445988 9 7 2015 2 59 48 1436414385 1120449601 9 7 2015 4 0 1
1437249516 1121284732 18 7 2015 19 58 52 1437253186 1121288402 18 7 2015 21 0 2
1437576920 1121612136 22 7 2015 14 55 36 1437577963 1121613179 22 7 2015 15 12 59
1437824916 1121860132 25 7 2015 11 48 52 1437825642 1121860858 25 7 2015 12 0 58
1438198112 1122233328 29 7 2015 19 28 48 1438198789 1122234005 29 7 2015 19 40 5
1439140048 1123175264 9 8 2015 17 7 44 1439164878 1123200094 10 8 2015 0 1 34
1439192120 1123227336 10 8 2015 7 35 36 1439379261 1123414477 12 8 2015 11 34 37
1439434596 1123469812 13 8 2015 2 56 52 1439438437 1123473653 13 8 2015 4 0 53
1439591950 1123627166 14 8 2015 22 39 26 1439592676 1123627892 14 8 2015 22 51 32
1439704535 1123739751 16 8 2015 5 55 51 1439705396 1123740612 16 8 2015 6 10 12
1439841540 1123876756 17 8 2015 19 59 16 1439845276 1123880492 17 8 2015 21 1 32
1439970908 1124006124 19 8 2015 7 55 24 1439971669 1124006885 19 8 2015 8 8 5
1440644354 1124679570 27 8 2015 2 59 30 1440648046 1124683262 27 8 2015 4 1 2
1441108781 1125143997 1 9 2015 11 59 57 1441195186 1125230402 2 9 2015 12 0 2
1441218764 1125253980 2 9 2015 18 33 0 1441219738 1125254954 2 9 2015 18 49 14
1441480080 1125515296 5 9 2015 19 8 16 1441497533 1125532749 5 9 2015 23 59 9
1441585931 1125621147 7 9 2015 0 32 27 1441670350 1125705566 7 9 2015 23 59 26
1441687665 1125722881 8 9 2015 4 48 1 1441800976 1125836192 9 9 2015 12 16 32
1442851169 1126886385 21 9 2015 15 59 45 1442949381 1126984597 22 9 2015 19 16 37
1443034775 1127069991 23 9 2015 18 59 51 1443038415 1127073631 23 9 2015 20 0 31
1443070748 1127105964 24 9 2015 4 59 24 1443074418 1127109634 24 9 2015 6 0 34
1443110214 1127145430 24 9 2015 15 57 10 1443121210 1127156426 24 9 2015 19 0 26
1443715140 1127750356 1 10 2015 15 59 16 1443726020 1127761236 1 10 2015 19 0 36
1444762499 1128797715 13 10 2015 18 55 15 1444791595 1128826811 14 10 2015 3 0 11
1444834766 1128869982 14 10 2015 14 59 42 1444838447 1128873663 14 10 2015 16 1 3
1445371175 1129406391 20 10 2015 19 59 51 1445382022 1129417238 20 10 2015 23 0 38
1445979062 1130014278 27 10 2015 20 51 18 1445985485 1130020701 27 10 2015 22 38 21
1446106276 1130141492 29 10 2015 8 11 32 1446106939 1130142155 29 10 2015 8 22 35
1446224373 1130259589 30 10 2015 16 59 49 1446238915 1130274131 30 10 2015 21 2 11
1446322465 1130357681 31 10 2015 20 14 41 1446327490 1130362706 31 10 2015 21 38 26
1446366822 1130402038 1 11 2015 8 33 58 1446367826 1130403042 1 11 2015 8 50 42
1446526774 1130561990 3 11 2015 4 59 50 1446541285 1130576501 3 11 2015 9 1 41
1446566365 1130601581 3 11 2015 15 59 41 1446584405 1130619621 3 11 2015 21 0 21
1447001794 1131037010 8 11 2015 16 56 50 1447005612 1131040828 8 11 2015 18 0 28
1447099172 1131134388 9 11 2015 19 59 48 1447110061 1131145277 9 11 2015 23 1 17
1447297113 1131332329 12 11 2015 2 58 49 1447300849 1131336065 12 11 2015 4 1 5
1447689567 1131724783 16 11 2015 15 59 43 1447693193 1131728409 16 11 2015 17 0 9
1447742885 1131778101 17 11 2015 6 48 21 1447743565 1131778781 17 11 2015 6 59 41
1447779541 1131814757 17 11 2015 16 59 17 1447787439 1131822655 17 11 2015 19 10 55
1447870374 1131905590 18 11 2015 18 13 10 1447871086 1131906302 18 11 2015 18 25 2
1448290747 1132325963 23 11 2015 14 59 23 1448305253 1132340469 23 11 2015 19 1 9
1448495867 1132531083 25 11 2015 23 58 3 1448521314 1132556530 26 11 2015 7 2 10
1448675953 1132711169 28 11 2015 1 59 29 1448690407 1132725623 28 11 2015 6 0 23
1448744333 1132779549 28 11 2015 20 59 9 1448753350 1132788566 28 11 2015 23 29 26
1448992731 1133027947 1 12 2015 17 59 7 1449010799 1133046015 1 12 2015 23 0 15
1449082645 1133117861 2 12 2015 18 57 41 1449090145 1133125361 2 12 2015 21 2 41
1449269614 1133304830 4 12 2015 22 53 50 1449288029 1133323245 5 12 2015 4 0 45
1449611767 1133646983 8 12 2015 21 56 23 1449615597 1133650813 8 12 2015 23 0 13
1449839865 1133875081 11 12 2015 13 18 1 1449858271 1133893487 11 12 2015 18 24 47
1450022507 1134057723 13 12 2015 16 2 3 1450023353 1134058569 13 12 2015 16 16 9
1450137527 1134172743 14 12 2015 23 59 3 1450184294 1134219510 15 12 2015 12 58 30
1450645080 1134680296 20 12 2015 20 58 16 1450648821 1134684037 20 12 2015 22 0 37
1451073537 1135108753 25 12 2015 19 59 13 1451084422 1135119638 25 12 2015 23 0 38
1451873190 1135908406 4 1 2016 2 6 46 1451920884 1135956100 4 1 2016 15 21 40
1451937580 1135972796 4 1 2016 19 59 56 1451941672 1135976888 4 1 2016 21 8 8
1452013052 1136048268 5 1 2016 16 57 48 1452024009 1136059225 5 1 2016 20 0 25
1452113904 1136149120 6 1 2016 20 58 40 1452121210 1136156426 6 1 2016 23 0 26
1452167977 1136203193 7 1 2016 11 59 53 1452200390 1136235606 7 1 2016 21 0 6
1452691371 1136726587 13 1 2016 13 23 7 1452694100 1136729316 13 1 2016 14 8 36
1452902327 1136937543 15 1 2016 23 59 3 1452945648 1136980864 16 1 2016 12 1 4
1453319980 1137355196 20 1 2016 19 59 56 1453323625 1137358841 20 1 2016 21 0 41
1453402749 1137437965 21 1 2016 18 59 25 1453406420 1137441636 21 1 2016 20 0 36
1453550410 1137585626 23 1 2016 12 0 26 1453551236 1137586452 23 1 2016 12 14 12
1453586325 1137621541 23 1 2016 21 59 1 1453590122 1137625338 23 1 2016 23 2 18
1453604378 1137639594 24 1 2016 2 59 54 1453633204 1137668420 24 1 2016 11 0 20
1454003819 1138039035 28 1 2016 17 57 15 1454011355 1138046571 28 1 2016 20 2 51
1454025447 1138060663 28 1 2016 23 57 43 1454029250 1138064466 29 1 2016 1 1 6
1454090305 1138125521 29 1 2016 17 58 41 1454094061 1138129277 29 1 2016 19 1 17
1454111803 1138147019 29 1 2016 23 56 59 1454165594 1138200810 30 1 2016 14 53 30
1454378172 1138413388 2 2 2016 1 56 28 1454385656 1138420872 2 2 2016 4 1 12
1454439540 1138474756 2 2 2016 18 59 16 1454450443 1138485659 2 2 2016 22 0 59
1454612356 1138647572 4 2 2016 18 59 32 1454616155 1138651371 4 2 2016 20 2 51
1454705623 1138740839 5 2 2016 20 53 59 1454716818 1138752034 6 2 2016 0 0 34
1454788611 1138823827 6 2 2016 19 57 7 1454799614 1138834830 6 2 2016 23 0 30
1454871464 1138906680 7 2 2016 18 58 0 1454879915 1138915131 7 2 2016 21 18 51
1455123330 1139158546 10 2 2016 16 55 46 1455148825 1139184041 11 2 2016 0 0 41
1456012765 1140047981 20 2 2016 23 59 41 1456056021 1140091237 21 2 2016 12 0 37
1456170880 1140206096 22 2 2016 19 54 56 1456182027 1140217243 22 2 2016 23 0 43
1456311868 1140347084 24 2 2016 11 4 44 1456313149 1140348365 24 2 2016 11 26 5
1456617410 1140652626 27 2 2016 23 57 6 1456660866 1140696082 28 2 2016 12 1 22
1456928238 1140963454 2 3 2016 14 17 34 1456929036 1140964252 2 3 2016 14 30 52
1456963166 1140998382 2 3 2016 23 59 42 1457092812 1141128028 4 3 2016 12 0 28
1457135961 1141171177 4 3 2016 23 59 37 1457183944 1141219160 5 3 2016 13 19 20
1457294372 1141329588 6 3 2016 19 59 48 1457301684 1141336900 6 3 2016 22 1 40
1457337583 1141372799 7 3 2016 7 59 59 1457348516 1141383732 7 3 2016 11 2 12
1457996335 1142031551 14 3 2016 22 59 11 1458000047 1142035263 15 3 2016 0 1 3
1459295929 1143331145 29 3 2016 23 59 5 1459339219 1143374435 30 3 2016 12 0 35
1459447911 1143483127 31 3 2016 18 12 7 1459453045 1143488261 31 3 2016 19 37 41
1459543899 1143579115 1 4 2016 20 51 55 1459544902 1143580118 1 4 2016 21 8 38
1459562261 1143597477 2 4 2016 1 57 57 1459569614 1143604830 2 4 2016 4 0 30
1459706293 1143741509 3 4 2016 17 58 29 1459709989 1143745205 3 4 2016 19 0 5
1460138315 1144173531 8 4 2016 17 58 51 1460153140 1144188356 8 4 2016 22 5 56
1460167079 1144202295 9 4 2016 1 58 15 1460171142 1144206358 9 4 2016 3 5 58
1460964140 1144999356 18 4 2016 7 22 36 1460965571 1145000787 18 4 2016 7 46 27
1461585361 1145620577 25 4 2016 11 56 17 1461672029 1145707245 26 4 2016 12 0 45
1461715138 1145750354 26 4 2016 23 59 14 1461758514 1145793730 27 4 2016 12 2 10
1461801576 1145836792 27 4 2016 23 59 52 1461844870 1145880086 28 4 2016 12 1 26
1462906066 1146941282 10 5 2016 18 48 2 1463926365 1147961581 22 5 2016 14 13 1
1467028694 1151063910 27 6 2016 11 58 30 1467115271 1151150487 28 6 2016 12 1 27
1467438767 1151473983 2 7 2016 5 53 3 1467439727 1151474943 2 7 2016 6 9 3
1467623851 1151659067 4 7 2016 9 17 47 1467624828 1151660044 4 7 2016 9 34 4
1469561002 1153596218 26 7 2016 19 23 38 1469562041 1153597257 26 7 2016 19 40 57
1469793579 1153828795 29 7 2016 11 59 55 1469880139 1153915355 30 7 2016 12 2 35
